40 20
-1 -1 -1 1 -1 2 2 -1 -1 3 3 -1 -1 -1 -1 -1 -1 -1 -1 -1 -1 4 4 -1 -1 -1 -1 -1 5 -1 -1 6 -1 -1 -1 -1 -1 7 -1 8
-1 -1 -1 1 -1 2 -1 -1 -1 3 -1 -1 -1 -1 -1 -1 -1 -1 -1 -1 -1 -1 -1 -1 -1 -1 -1 -1 5 -1 -1 -1 9 -1 10 10 -1 -1 -1 8
11 -1 -1 -1 -1 -1 2 -1 -1 -1 -1 -1 -1 -1 -1 -1 -1 -1 -1 -1 -1 12 -1 13 -1 -1 -1 -1 -1 -1 14 14 -1 -1 -1 -1 -1 -1 -1 -1
11 -1 11 -1 -1 2 -1 -1 -1 -1 -1 -1 -1 -1 -1 -1 -1 15 -1 16 -1 -1 -1 -1 -1 -1 -1 -1 -1 -1 -1 14 -1 17 -1 -1 -1 18 -1 -1
11 11 11 -1 -1 -1 -1 -1 -1 -1 -1 -1 -1 19 19 19 -1 -1 -1 -1 -1 -1 -1 -1 20 -1 -1 -1 21 21 21 -1 -1 -1 -1 -1 -1 -1 -1 -1
-1 -1 -1 -1 -1 22 -1 23 -1 -1 24 -1 -1 19 -1 -1 -1 -1 -1 -1 -1 -1 -1 -1 -1 -1 25 -1 -1 -1 -1 -1 -1 -1 -1 -1 -1 -1 -1 -1
-1 -1 -1 -1 26 -1 22 -1 -1 -1 -1 -1 -1 -1 -1 -1 -1 -1 -1 -1 -1 -1 -1 27 -1 -1 -1 -1 -1 -1 28 -1 -1 -1 -1 -1 29 -1 -1 -1
-1 -1 -1 -1 -1 -1 -1 -1 -1 -1 30 -1 -1 -1 -1 -1 -1 -1 -1 -1 -1 -1 -1 -1 -1 31 -1 -1 -1 -1 -1 -1 -1 -1 32 -1 -1 -1 -1 -1
-1 -1 -1 33 -1 -1 -1 -1 -1 34 -1 -1 -1 -1 -1 -1 -1 -1 35 -1 36 36 -1 -1 -1 -1 -1 -1 -1 -1 -1 -1 -1 -1 32 -1 -1 -1 -1 -1
-1 -1 33 -1 -1 37 37 37 -1 -1 -1 -1 -1 -1 -1 -1 -1 -1 -1 36 -1 36 -1 -1 -1 -1 38 -1 -1 -1 -1 -1 -1 32 -1 -1 39 -1 -1 40
-1 41 -1 -1 -1 -1 37 -1 -1 42 42 -1 -1 -1 -1 -1 -1 -1 -1 36 36 -1 -1 -1 43 -1 38 -1 -1 -1 -1 -1 -1 -1 -1 -1 -1 -1 -1 -1
41 -1 44 44 -1 -1 -1 -1 -1 -1 -1 -1 45 -1 46 -1 36 36 36 36 -1 -1 -1 -1 -1 -1 38 38 -1 -1 -1 47 -1 -1 48 -1 -1 -1 -1 -1
-1 41 -1 44 -1 -1 -1 -1 -1 -1 49 -1 -1 -1 -1 -1 -1 -1 -1 -1 -1 -1 -1 -1 50 50 -1 -1 -1 -1 -1 -1 -1 -1 -1 -1 -1 51 -1 -1
-1 -1 -1 -1 -1 52 -1 53 -1 -1 -1 -1 -1 -1 54 -1 -1 -1 55 -1 -1 -1 -1 -1 -1 -1 -1 -1 -1 56 -1 -1 -1 57 -1 -1 51 -1 -1 -1
-1 58 -1 -1 -1 -1 -1 -1 -1 -1 -1 -1 -1 -1 -1 54 -1 59 -1 -1 -1 -1 -1 -1 -1 60 -1 -1 -1 -1 -1 61 -1 -1 -1 -1 -1 -1 62 -1
-1 -1 63 -1 -1 -1 -1 -1 -1 -1 -1 -1 -1 -1 -1 -1 -1 -1 -1 64 -1 -1 -1 -1 -1 -1 -1 -1 -1 -1 -1 -1 -1 -1 -1 -1 65 -1 62 -1
-1 -1 -1 -1 -1 -1 -1 -1 -1 -1 -1 -1 -1 -1 -1 -1 -1 -1 -1 -1 -1 66 -1 -1 -1 -1 -1 67 -1 -1 -1 -1 -1 -1 -1 -1 -1 -1 62 -1
-1 -1 -1 -1 -1 68 -1 -1 -1 -1 -1 -1 -1 -1 69 -1 -1 70 -1 -1 66 -1 -1 71 -1 -1 -1 67 -1 -1 -1 -1 -1 -1 -1 72 -1 -1 -1 -1
-1 -1 -1 73 -1 -1 -1 -1 -1 -1 74 -1 -1 -1 -1 -1 -1 -1 -1 -1 66 -1 -1 -1 -1 75 -1 -1 67 -1 76 -1 -1 -1 -1 -1 -1 77 -1 -1
-1 -1 -1 -1 -1 -1 -1 -1 -1 -1 74 -1 -1 -1 -1 -1 -1 -1 -1 66 -1 -1 66 -1 -1 -1 78 -1 -1 -1 -1 -1 79 -1 -1 -1 -1 -1 -1 -1
-1 80 -1 -1 -1 -1 -1 -1 -1 -1 -1 -1 -1 -1 -1 -1 -1 -1 -1 -1 66 66 66 -1 -1 -1 -1 -1 -1 -1 -1 81 -1 -1 -1 82 82 82 -1 83
-1 -1 -1 -1 84 -1 -1 85 -1 -1 -1 86 -1 -1 -1 -1 -1 -1 -1 -1 -1 -1 66 -1 -1 -1 -1 -1 -1 81 81 81 -1 -1 82 -1 -1 -1 83 83
-1 87 -1 -1 84 -1 85 85 -1 -1 -1 -1 -1 -1 88 -1 -1 -1 89 -1 90 -1 -1 -1 91 -1 -1 -1 -1 -1 -1 81 -1 -1 -1 -1 -1 -1 -1 -1
-1 87 -1 -1 84 -1 -1 85 85 -1 -1 -1 -1 -1 88 -1 92 -1 -1 -1 90 -1 -1 -1 91 -1 -1 -1 -1 93 -1 81 -1 -1 -1 -1 -1 -1 -1 -1
94 -1 -1 84 84 -1 -1 -1 85 85 -1 95 -1 -1 -1 -1 -1 -1 96 -1 -1 -1 -1 -1 -1 -1 -1 -1 -1 93 93 -1 -1 -1 -1 -1 -1 -1 97 -1
-1 -1 -1 -1 -1 -1 -1 -1 -1 -1 -1 -1 -1 -1 -1 98 -1 -1 -1 99 99 -1 -1 -1 -1 -1 -1 -1 -1 -1 93 -1 100 100 100 -1 -1 -1 -1 -1
101 -1 102 102 -1 103 -1 104 -1 -1 -1 -1 -1 -1 105 -1 -1 106 -1 -1 -1 -1 107 -1 -1 108 -1 -1 -1 -1 -1 -1 -1 -1 -1 -1 -1 109 109 -1
-1 -1 -1 -1 103 -1 -1 104 -1 -1 -1 110 -1 -1 -1 -1 -1 -1 -1 -1 -1 -1 -1 -1 -1 -1 -1 -1 -1 -1 -1 111 111 -1 -1 -1 109 -1 109 109
-1 -1 -1 -1 -1 -1 112 -1 -1 -1 -1 -1 -1 -1 -1 -1 113 -1 -1 -1 -1 -1 -1 -1 -1 -1 114 114 -1 -1 -1 111 -1 -1 -1 -1 -1 -1 109 109
115 -1 116 116 116 -1 -1 -1 -1 117 -1 118 -1 -1 -1 -1 113 -1 119 -1 -1 -1 120 -1 -1 -1 -1 -1 -1 -1 -1 -1 -1 -1 121 121 -1 -1 -1 -1
115 -1 -1 -1 -1 116 -1 -1 -1 -1 -1 -1 -1 -1 -1 -1 -1 113 -1 -1 122 -1 120 -1 123 -1 -1 -1 -1 -1 -1 124 -1 -1 -1 -1 -1 -1 -1 -1
-1 -1 -1 -1 -1 -1 -1 -1 -1 -1 -1 125 125 -1 -1 -1 -1 -1 122 122 -1 -1 -1 -1 123 -1 -1 126 126 -1 -1 -1 -1 -1 -1 -1 -1 -1 -1 -1
-1 -1 -1 -1 -1 -1 -1 127 127 -1 -1 125 -1 -1 128 -1 -1 -1 -1 -1 -1 -1 -1 -1 -1 -1 -1 -1 -1 -1 -1 -1 -1 129 -1 -1 -1 -1 -1 -1
130 130 -1 -1 -1 131 -1 -1 -1 132 -1 125 -1 -1 128 -1 -1 -1 -1 -1 133 -1 -1 -1 -1 134 -1 -1 -1 -1 -1 -1 -1 -1 -1 -1 -1 -1 -1 -1
-1 -1 -1 135 -1 -1 -1 -1 -1 -1 -1 -1 -1 -1 128 128 -1 -1 136 -1 -1 -1 -1 -1 137 -1 -1 -1 -1 -1 138 -1 -1 -1 -1 -1 -1 -1 139 -1
-1 -1 -1 -1 -1 -1 -1 -1 140 -1 -1 -1 141 -1 -1 -1 -1 -1 -1 -1 -1 -1 -1 -1 -1 -1 -1 -1 -1 -1 -1 -1 -1 -1 -1 142 -1 -1 -1 -1
143 -1 -1 -1 -1 -1 -1 -1 -1 -1 -1 -1 -1 -1 -1 144 -1 -1 -1 145 -1 146 -1 -1 -1 147 -1 -1 148 -1 -1 -1 -1 149 -1 -1 -1 -1 -1 -1
-1 -1 -1 -1 -1 -1 -1 -1 -1 150 -1 -1 -1 -1 -1 144 -1 -1 -1 -1 146 -1 151 -1 -1 147 -1 -1 148 -1 -1 -1 -1 -1 152 -1 153 -1 -1 -1
-1 -1 -1 -1 -1 -1 -1 -1 -1 -1 -1 -1 -1 -1 -1 -1 -1 -1 -1 -1 -1 -1 -1 151 -1 -1 -1 -1 -1 148 -1 -1 -1 -1 -1 -1 -1 153 -1 -1
-1 -1 154 -1 -1 -1 -1 155 -1 156 156 -1 -1 -1 -1 -1 -1 -1 -1 157 -1 -1 -1 -1 158 -1 -1 -1 -1 -1 -1 -1 159 159 -1 -1 153 -1 160 160
-1 1 -1 -1 -1 -1 2 -1 -1 -1 3 -1 -1 -1 -1 4 4 -1 5 -1 6 -1 -1 -1 7 -1 8 -1 9 -1 -1 -1 -1 -1 -1 -1 10 -1 -1 -1
-1 -1 -1 -1 -1 2 -1 -1 -1 3 3 -1 11 11 -1 -1 -1 -1 -1 6 -1 -1 -1 -1 -1 -1 -1 9 -1 12 -1 -1 -1 13 -1 -1 10 -1 -1 -1
-1 -1 -1 -1 -1 -1 -1 14 -1 -1 -1 3 -1 -1 11 -1 15 -1 -1 -1 -1 -1 -1 -1 -1 16 -1 9 -1 -1 -1 17 -1 -1 -1 -1 -1 -1 -1 -1
18 -1 -1 -1 -1 -1 -1 -1 -1 -1 -1 -1 -1 -1 -1 -1 -1 -1 -1 -1 -1 -1 -1 -1 -1 -1 9 -1 -1 -1 17 17 -1 -1 -1 -1 -1 -1 19 -1
-1 -1 -1 -1 20 -1 -1 -1 -1 -1 -1 -1 21 -1 -1 22 -1 -1 23 -1 -1 -1 24 -1 25 -1 -1 -1 -1 -1 17 -1 -1 -1 26 -1 -1 -1 19 -1
-1 -1 -1 -1 -1 -1 -1 -1 27 -1 -1 -1 -1 -1 -1 -1 -1 -1 -1 28 -1 -1 -1 25 -1 -1 -1 29 -1 -1 -1 30 30 -1 -1 -1 -1 -1 -1 31
-1 -1 -1 -1 -1 -1 -1 -1 -1 -1 -1 -1 -1 32 -1 33 -1 -1 -1 -1 -1 -1 -1 -1 -1 -1 34 -1 -1 -1 -1 -1 -1 -1 -1 -1 -1 -1 35 -1
-1 -1 36 -1 -1 -1 37 -1 -1 -1 -1 -1 -1 32 -1 -1 -1 -1 -1 -1 -1 -1 -1 -1 -1 -1 -1 -1 -1 -1 -1 -1 -1 -1 -1 -1 -1 -1 -1 -1
-1 -1 -1 -1 38 -1 -1 -1 -1 -1 -1 -1 -1 -1 -1 -1 -1 -1 39 -1 -1 -1 -1 -1 40 -1 -1 41 -1 -1 -1 -1 -1 -1 -1 -1 -1 -1 -1 -1
-1 -1 -1 -1 -1 -1 42 -1 -1 -1 -1 -1 -1 43 -1 44 44 -1 -1 -1 -1 -1 -1 40 40 -1 -1 41 -1 -1 45 -1 46 -1 47 -1 -1 -1 -1 48
-1 -1 -1 -1 -1 -1 -1 -1 -1 -1 -1 -1 49 -1 -1 -1 -1 -1 -1 -1 -1 -1 -1 -1 40 40 -1 -1 -1 50 -1 -1 46 -1 -1 -1 -1 51 -1 -1
-1 52 -1 -1 -1 -1 53 53 -1 -1 54 -1 -1 -1 -1 -1 -1 -1 55 -1 -1 -1 56 -1 -1 -1 -1 -1 50 -1 -1 -1 46 -1 -1 -1 -1 -1 -1 -1
57 -1 -1 -1 -1 -1 -1 -1 -1 -1 -1 54 -1 58 58 -1 -1 -1 -1 -1 -1 -1 -1 -1 -1 -1 -1 -1 -1 50 -1 -1 46 -1 -1 59 -1 -1 -1 -1
-1 -1 -1 -1 -1 -1 -1 54 54 54 54 -1 -1 -1 -1 -1 -1 -1 -1 -1 -1 -1 -1 60 -1 61 -1 -1 -1 -1 -1 46 -1 62 -1 -1 -1 -1 -1 63
-1 -1 -1 -1 -1 -1 -1 -1 54 -1 -1 -1 -1 -1 -1 -1 -1 -1 -1 -1 -1 64 -1 -1 -1 -1 -1 -1 -1 -1 -1 -1 46 -1 -1 -1 -1 -1 -1 -1
65 -1 -1 65 -1 -1 -1 -1 -1 -1 -1 -1 66 -1 -1 -1 -1 -1 -1 67 -1 64 -1 -1 -1 68 68 68 -1 -1 -1 -1 -1 -1 -1 -1 -1 -1 -1 -1
-1 65 65 65 -1 -1 -1 -1 -1 -1 -1 -1 -1 -1 -1 -1 -1 -1 -1 -1 -1 -1 -1 -1 -1 -1 -1 -1 -1 -1 -1 -1 -1 -1 69 -1 70 -1 -1 -1
-1 -1 -1 -1 -1 -1 71 -1 -1 -1 -1 72 -1 -1 73 -1 -1 74 -1 -1 -1 -1 -1 -1 -1 -1 -1 75 -1 -1 -1 -1 -1 -1 -1 -1 -1 -1 76 -1
77 -1 78 -1 -1 -1 -1 71 71 -1 -1 -1 -1 -1 73 -1 -1 74 -1 -1 -1 79 79 -1 80 -1 -1 -1 -1 -1 -1 -1 -1 -1 -1 -1 -1 -1 -1 -1
77 -1 -1 -1 -1 -1 71 71 71 -1 -1 -1 -1 -1 -1 -1 -1 -1 -1 -1 -1 -1 -1 -1 80 -1 -1 -1 -1 -1 81 -1 -1 -1 -1 -1 -1 -1 -1 -1
-1 -1 -1 -1 -1 71 71 -1 -1 -1 -1 -1 -1 -1 -1 -1 -1 -1 -1 -1 -1 82 82 -1 -1 -1 -1 83 -1 -1 -1 -1 -1 -1 -1 -1 -1 -1 -1 -1
84 84 -1 -1 -1 -1 -1 -1 -1 -1 -1 85 -1 -1 -1 86 -1 87 87 -1 -1 82 -1 -1 -1 -1 83 -1 88 -1 -1 -1 89 -1 -1 90 -1 -1 -1 91
-1 -1 -1 -1 -1 -1 -1 -1 -1 92 -1 -1 -1 -1 -1 -1 -1 -1 -1 -1 93 -1 -1 -1 -1 -1 -1 -1 -1 88 -1 -1 -1 -1 -1 -1 -1 -1 -1 -1
94 -1 -1 -1 95 95 -1 -1 92 -1 -1 -1 -1 -1 -1 -1 -1 -1 -1 -1 -1 -1 -1 -1 96 -1 97 -1 -1 88 -1 -1 -1 -1 98 98 -1 99 -1 -1
94 -1 -1 -1 -1 -1 95 -1 -1 92 -1 100 -1 -1 -1 -1 -1 101 -1 -1 102 102 -1 -1 -1 -1 -1 -1 -1 -1 -1 103 -1 -1 -1 -1 98 -1 -1 -1
-1 104 -1 -1 105 -1 -1 -1 -1 -1 -1 -1 -1 -1 106 -1 -1 -1 -1 102 102 -1 107 -1 108 -1 -1 -1 109 109 -1 -1 -1 -1 -1 98 -1 -1 -1 -1
-1 -1 -1 -1 -1 -1 110 -1 -1 -1 111 -1 -1 -1 106 106 106 -1 -1 -1 102 -1 -1 -1 108 -1 112 -1 -1 -1 -1 -1 -1 -1 -1 98 -1 -1 -1 -1
-1 -1 113 -1 114 -1 110 -1 -1 -1 -1 -1 -1 -1 -1 -1 -1 -1 -1 102 -1 -1 -1 108 -1 -1 -1 -1 -1 -1 -1 -1 -1 -1 -1 -1 -1 115 -1 -1
116 -1 -1 -1 -1 114 -1 -1 -1 -1 -1 -1 -1 117 -1 118 -1 -1 -1 -1 -1 -1 -1 -1 -1 -1 -1 -1 -1 -1 -1 -1 -1 -1 -1 -1 119 -1 -1 -1
116 -1 -1 -1 -1 -1 -1 -1 -1 -1 -1 -1 -1 117 -1 -1 -1 -1 -1 -1 -1 -1 -1 -1 -1 -1 -1 -1 -1 -1 -1 -1 -1 -1 -1 -1 -1 -1 120 120
-1 -1 -1 -1 -1 -1 121 121 121 -1 -1 -1 122 -1 -1 -1 -1 -1 -1 -1 -1 -1 -1 -1 -1 123 -1 -1 -1 124 -1 -1 -1 -1 -1 -1 -1 -1 -1 -1
125 -1 -1 -1 -1 -1 121 -1 -1 126 -1 -1 122 -1 -1 -1 127 -1 -1 -1 128 -1 -1 -1 -1 -1 -1 129 -1 -1 -1 -1 -1 -1 -1 -1 -1 -1 -1 130
-1 -1 -1 -1 -1 131 -1 -1 -1 126 -1 122 122 122 -1 -1 -1 -1 -1 -1 -1 -1 -1 -1 -1 -1 -1 -1 -1 132 -1 -1 -1 -1 -1 133 -1 -1 -1 -1
-1 -1 134 134 -1 -1 135 -1 -1 -1 -1 122 -1 -1 -1 136 -1 -1 137 -1 -1 138 -1 139 -1 -1 -1 140 -1 -1 141 -1 -1 -1 -1 -1 -1 -1 -1 -1
-1 -1 -1 -1 134 134 -1 135 -1 -1 -1 -1 -1 -1 -1 -1 -1 -1 -1 -1 -1 138 -1 -1 139 139 -1 -1 -1 -1 141 -1 142 -1 -1 143 -1 -1 144 -1
-1 134 134 134 -1 -1 -1 -1 -1 -1 -1 -1 -1 -1 -1 -1 145 145 -1 -1 -1 -1 -1 -1 -1 -1 -1 -1 141 141 -1 142 142 -1 -1 -1 144 144 -1 -1
-1 -1 -1 -1 -1 -1 -1 -1 -1 -1 -1 146 -1 -1 -1 -1 -1 -1 -1 -1 -1 -1 -1 -1 -1 -1 -1 -1 141 -1 -1 -1 -1 -1 -1 -1 144 144 -1 -1
-1 -1 147 -1 -1 148 -1 -1 -1 -1 -1 -1 149 -1 -1 -1 150 -1 -1 -1 -1 -1 -1 -1 -1 141 -1 141 -1 -1 -1 -1 151 151 151 -1 144 -1 152 -1
-1 -1 -1 -1 -1 -1 -1 -1 -1 -1 -1 -1 149 -1 -1 -1 -1 -1 -1 153 -1 -1 -1 -1 154 -1 141 141 -1 -1 -1 -1 -1 -1 -1 -1 -1 -1 -1 -1
-1 -1 -1 155 -1 -1 156 -1 -1 -1 -1 -1 -1 157 -1 -1 -1 -1 153 -1 -1 -1 -1 -1 -1 -1 141 -1 158 -1 159 -1 -1 -1 -1 -1 -1 -1 -1 -1
-1 -1 -1 -1 -1 -1 1 -1 -1 -1 2 -1 -1 -1 3 -1 -1 4 -1 -1 -1 -1 -1 -1 -1 -1 -1 -1 -1 -1 -1 -1 -1 -1 -1 -1 -1 -1 5 -1
-1 6 -1 -1 -1 -1 -1 -1 7 -1 -1 -1 -1 -1 -1 -1 -1 -1 -1 -1 -1 8 -1 -1 -1 9 -1 -1 -1 -1 -1 10 -1 11 -1 -1 -1 -1 -1 -1
-1 -1 -1 -1 -1 12 -1 -1 -1 7 -1 -1 -1 -1 -1 -1 -1 -1 -1 -1 -1 -1 -1 -1 -1 -1 9 -1 -1 -1 -1 -1 -1 -1 -1 13 -1 14 -1 15
16 -1 -1 -1 -1 -1 17 17 -1 -1 18 18 -1 -1 -1 -1 -1 -1 -1 -1 -1 -1 19 -1 -1 9 -1 -1 -1 -1 -1 -1 -1 -1 13 -1 -1 -1 -1 -1
-1 -1 -1 -1 -1 -1 -1 -1 -1 20 -1 -1 -1 -1 -1 -1 -1 -1 21 -1 -1 -1 -1 -1 -1 -1 9 -1 -1 -1 -1 -1 22 -1 -1 13 13 13 13 -1
-1 -1 -1 -1 -1 -1 -1 -1 20 -1 -1 -1 -1 -1 -1 -1 23 -1 -1 -1 -1 -1 -1 -1 -1 -1 -1 24 -1 -1 25 -1 -1 -1 -1 -1 13 -1 -1 -1
-1 26 26 -1 -1 -1 -1 -1 -1 -1 27 -1 28 -1 29 -1 -1 23 23 -1 -1 -1 -1 -1 -1 -1 -1 -1 -1 -1 25 25 -1 -1 -1 30 -1 -1 -1 -1
-1 -1 -1 -1 31 31 -1 -1 -1 -1 -1 -1 28 -1 -1 -1 23 -1 -1 -1 -1 -1 -1 -1 -1 -1 -1 -1 -1 -1 25 -1 -1 -1 30 30 30 -1 -1 -1
-1 -1 -1 31 31 31 31 31 -1 -1 -1 -1 -1 28 -1 -1 23 23 -1 32 -1 -1 33 -1 -1 -1 -1 -1 -1 -1 25 -1 -1 -1 -1 -1 -1 -1 -1 -1
-1 -1 -1 -1 -1 -1 31 -1 -1 -1 -1 -1 -1 -1 34 -1 -1 -1 -1 -1 -1 -1 -1 -1 -1 35 -1 -1 -1 -1 -1 -1 -1 -1 -1 -1 -1 -1 -1 36
-1 -1 -1 -1 -1 -1 -1 -1 -1 -1 -1 37 -1 -1 -1 -1 38 38 38 -1 -1 -1 -1 39 -1 -1 -1 -1 -1 -1 -1 -1 -1 -1 -1 -1 -1 -1 -1 -1
-1 -1 -1 -1 40 -1 -1 -1 -1 -1 37 -1 -1 -1 -1 38 -1 -1 38 -1 -1 -1 -1 39 -1 41 -1 -1 42 -1 -1 -1 -1 -1 43 -1 -1 -1 -1 -1
-1 -1 -1 -1 -1 40 -1 -1 -1 -1 37 37 -1 -1 -1 38 -1 38 38 -1 -1 44 -1 -1 -1 -1 41 -1 -1 42 -1 -1 -1 -1 -1 -1 -1 -1 -1 -1
-1 -1 -1 -1 40 40 40 -1 -1 -1 -1 -1 -1 -1 -1 -1 38 -1 -1 -1 -1 -1 -1 -1 45 -1 -1 -1 42 42 -1 46 46 46 -1 -1 -1 47 -1 -1
-1 -1 48 -1 -1 -1 -1 -1 -1 -1 -1 49 -1 -1 50 -1 -1 -1 51 51 -1 -1 52 -1 -1 45 -1 -1 -1 -1 42 -1 -1 -1 -1 -1 -1 -1 -1 -1
-1 -1 -1 -1 -1 -1 -1 53 -1 -1 -1 -1 -1 -1 -1 -1 54 -1 -1 51 51 -1 52 -1 -1 -1 55 -1 -1 -1 -1 -1 -1 -1 -1 -1 -1 -1 -1 -1
-1 -1 -1 -1 -1 -1 -1 -1 -1 -1 -1 -1 -1 -1 -1 56 -1 -1 -1 51 -1 -1 52 52 -1 -1 55 -1 -1 -1 -1 -1 -1 -1 -1 -1 -1 -1 -1 -1
-1 -1 -1 -1 -1 -1 57 -1 -1 -1 58 -1 -1 -1 56 -1 -1 59 -1 -1 -1 -1 -1 -1 -1 -1 -1 -1 -1 -1 -1 -1 -1 60 -1 -1 -1 -1 -1 61
-1 -1 -1 62 -1 -1 -1 -1 -1 -1 -1 -1 -1 -1 -1 -1 -1 -1 -1 -1 -1 -1 -1 -1 -1 -1 -1 -1 -1 63 -1 64 -1 -1 60 -1 -1 -1 -1 -1
-1 -1 -1 -1 -1 -1 -1 -1 -1 -1 -1 -1 -1 -1 -1 65 -1 -1 -1 -1 -1 -1 -1 -1 -1 -1 -1 -1 -1 -1 -1 -1 -1 -1 -1 66 -1 -1 -1 -1
-1 -1 -1 -1 67 -1 -1 -1 -1 -1 -1 68 -1 -1 69 -1 -1 -1 -1 70 -1 -1 -1 -1 -1 71 71 -1 -1 -1 -1 -1 72 72 -1 66 -1 -1 -1 -1
-1 -1 -1 67 -1 73 -1 -1 74 -1 -1 68 -1 69 69 -1 -1 -1 -1 -1 -1 -1 -1 -1 -1 -1 -1 -1 -1 -1 -1 -1 -1 -1 -1 -1 -1 -1 -1 75
76 -1 -1 -1 67 -1 -1 -1 -1 -1 -1 -1 68 -1 -1 69 -1 -1 -1 -1 -1 77 77 77 -1 -1 78 -1 -1 -1 -1 -1 -1 -1 -1 -1 79 -1 -1 -1
76 -1 -1 -1 67 -1 80 -1 -1 -1 -1 -1 -1 81 -1 69 69 69 -1 82 -1 -1 -1 -1 78 78 -1 -1 -1 -1 83 -1 -1 -1 84 -1 -1 -1 -1 85
-1 76 76 -1 -1 -1 -1 80 -1 -1 -1 86 -1 -1 -1 -1 -1 -1 -1 82 -1 -1 87 -1 -1 -1 -1 -1 -1 88 -1 -1 -1 -1 -1 -1 -1 -1 -1 -1
76 -1 -1 -1 -1 -1 -1 80 -1 -1 -1 -1 -1 -1 -1 89 -1 -1 -1 -1 -1 87 -1 -1 -1 -1 -1 -1 -1 -1 -1 -1 -1 -1 -1 -1 -1 90 -1 91
-1 -1 -1 -1 -1 -1 -1 80 -1 -1 -1 -1 -1 -1 -1 -1 -1 -1 -1 92 92 -1 -1 -1 -1 93 93 -1 -1 -1 -1 -1 -1 -1 -1 -1 94 -1 -1 91
95 95 -1 -1 -1 -1 -1 -1 -1 -1 96 -1 -1 97 -1 -1 -1 -1 -1 92 -1 -1 -1 -1 -1 -1 -1 -1 -1 -1 -1 98 -1 99 -1 -1 -1 -1 -1 -1
-1 -1 -1 -1 -1 -1 -1 -1 100 -1 -1 -1 97 97 97 -1 -1 101 -1 -1 -1 -1 -1 -1 -1 102 -1 -1 -1 -1 -1 98 -1 -1 -1 -1 -1 -1 -1 -1
-1 -1 -1 -1 -1 -1 103 -1 -1 -1 -1 -1 -1 -1 -1 -1 -1 -1 104 -1 105 -1 -1 106 -1 102 -1 -1 -1 107 -1 -1 -1 -1 -1 -1 -1 -1 -1 -1
108 -1 -1 -1 -1 -1 -1 -1 -1 -1 -1 -1 -1 -1 -1 -1 -1 -1 -1 -1 -1 105 -1 -1 106 -1 -1 109 -1 -1 -1 -1 -1 -1 110 -1 -1 111 -1 -1
-1 -1 112 112 -1 -1 -1 -1 -1 113 -1 -1 -1 -1 -1 114 -1 -1 -1 -1 -1 105 -1 -1 -1 109 109 109 -1 -1 -1 -1 -1 -1 -1 111 111 111 -1 -1
-1 -1 -1 -1 -1 -1 115 -1 -1 -1 113 113 -1 -1 -1 -1 -1 116 116 -1 117 -1 -1 -1 118 -1 109 -1 -1 -1 -1 -1 119 -1 -1 -1 -1 -1 111 -1
-1 -1 120 -1 -1 -1 -1 -1 -1 -1 113 113 113 113 -1 -1 -1 -1 -1 -1 -1 -1 -1 -1 118 -1 109 -1 -1 -1 -1 -1 -1 -1 -1 121 121 -1 -1 -1
-1 -1 -1 -1 -1 -1 -1 122 -1 123 -1 -1 -1 -1 -1 -1 -1 -1 -1 -1 -1 -1 -1 -1 118 -1 -1 -1 -1 -1 124 -1 -1 -1 -1 -1 121 -1 125 -1
-1 -1 -1 -1 -1 -1 -1 -1 123 -1 126 -1 -1 127 -1 -1 128 -1 -1 129 -1 -1 -1 -1 -1 -1 130 -1 -1 -1 -1 -1 -1 -1 -1 -1 -1 -1 125 -1
-1 -1 -1 -1 131 -1 123 123 123 123 -1 -1 -1 -1 -1 128 128 -1 -1 -1 -1 -1 132 -1 -1 -1 -1 130 -1 -1 -1 -1 -1 -1 -1 -1 -1 -1 -1 -1
-1 -1 133 -1 -1 -1 -1 -1 123 -1 134 134 134 -1 -1 -1 -1 -1 -1 -1 135 -1 -1 -1 136 -1 -1 -1 -1 137 -1 -1 -1 -1 -1 138 -1 -1 -1 139
-1 -1 -1 -1 -1 -1 -1 -1 -1 -1 -1 -1 -1 -1 -1 -1 -1 -1 -1 135 135 135 -1 -1 -1 -1 -1 -1 140 -1 -1 -1 -1 141 -1 -1 -1 -1 -1 -1
-1 142 142 -1 -1 -1 -1 -1 -1 -1 -1 -1 -1 -1 -1 -1 -1 -1 -1 -1 -1 135 -1 -1 -1 -1 -1 -1 -1 143 -1 -1 141 141 -1 -1 144 -1 -1 145
-1 -1 -1 1 -1 -1 -1 -1 -1 -1 -1 -1 -1 -1 -1 -1 -1 -1 -1 -1 2 -1 -1 3 -1 -1 4 -1 -1 5 5 -1 6 6 -1 7 -1 -1 -1 -1
1 1 1 -1 -1 -1 -1 -1 -1 -1 8 -1 -1 -1 -1 -1 -1 9 -1 -1 -1 -1 -1 3 -1 -1 -1 -1 -1 -1 -1 -1 -1 6 -1 -1 -1 10 -1 -1
-1 1 1 -1 -1 -1 11 -1 -1 -1 -1 -1 -1 -1 -1 -1 -1 -1 -1 -1 12 -1 -1 -1 -1 -1 -1 -1 -1 -1 -1 -1 -1 -1 -1 13 13 -1 -1 -1
-1 -1 -1 -1 -1 11 11 11 -1 -1 -1 -1 -1 -1 -1 14 -1 -1 -1 -1 -1 -1 15 -1 16 -1 -1 -1 17 -1 -1 -1 -1 -1 13 -1 -1 -1 18 -1
-1 -1 -1 -1 -1 -1 -1 11 -1 19 -1 -1 -1 -1 -1 -1 14 -1 20 -1 15 15 15 -1 -1 16 -1 -1 -1 17 -1 -1 -1 21 -1 -1 -1 -1 -1 -1
22 -1 -1 -1 -1 -1 11 -1 19 -1 -1 -1 -1 -1 -1 14 -1 20 -1 -1 -1 -1 -1 -1 -1 -1 -1 23 -1 -1 24 -1 -1 -1 -1 -1 -1 -1 25 -1
-1 -1 -1 -1 -1 -1 11 11 -1 -1 26 -1 -1 27 -1 14 -1 -1 -1 -1 -1 -1 -1 -1 -1 -1 -1 -1 -1 -1 -1 24 -1 -1 28 -1 29 -1 -1 25
30 -1 -1 11 11 11 -1 11 11 -1 -1 -1 -1 -1 -1 -1 -1 31 -1 -1 -1 -1 -1 32 32 -1 -1 33 -1 -1 -1 -1 34 -1 -1 -1 -1 -1 -1 -1
-1 30 -1 -1 11 -1 -1 -1 -1 11 -1 -1 -1 -1 35 -1 36 -1 -1 -1 -1 37 -1 32 -1 -1 -1 -1 -1 -1 38 -1 34 -1 39 -1 40 -1 -1 -1
-1 -1 -1 -1 -1 -1 -1 -1 -1 -1 -1 41 -1 -1 -1 -1 -1 -1 -1 -1 -1 -1 -1 -1 -1 -1 -1 -1 -1 38 -1 34 -1 -1 -1 40 -1 -1 42 -1
-1 43 -1 44 -1 -1 -1 -1 -1 45 -1 -1 -1 -1 -1 -1 46 -1 -1 -1 -1 -1 -1 -1 -1 -1 -1 -1 -1 -1 -1 -1 34 -1 -1 -1 40 -1 42 42
-1 -1 -1 44 -1 -1 -1 -1 45 45 45 45 -1 -1 -1 -1 -1 -1 47 -1 -1 -1 -1 -1 -1 -1 -1 -1 48 -1 -1 -1 -1 -1 -1 -1 -1 -1 -1 -1
-1 49 -1 -1 -1 -1 50 -1 -1 -1 -1 -1 -1 -1 -1 -1 -1 -1 -1 -1 -1 -1 -1 -1 -1 -1 -1 -1 48 -1 -1 -1 -1 -1 -1 -1 -1 -1 -1 -1
-1 -1 -1 -1 -1 -1 50 -1 -1 51 -1 -1 -1 -1 -1 -1 -1 -1 -1 -1 -1 -1 -1 -1 -1 -1 -1 -1 48 -1 -1 -1 -1 52 -1 -1 53 -1 54 -1
-1 -1 -1 -1 -1 -1 -1 -1 55 -1 -1 56 -1 -1 -1 57 -1 -1 58 -1 -1 59 -1 -1 -1 -1 -1 60 -1 -1 -1 -1 61 -1 -1 -1 -1 -1 -1 -1
-1 -1 62 -1 63 -1 -1 55 55 -1 -1 -1 -1 -1 -1 -1 -1 58 -1 64 -1 -1 -1 65 65 -1 -1 -1 -1 -1 66 -1 61 61 61 -1 -1 -1 -1 -1
-1 -1 62 -1 -1 -1 -1 -1 -1 55 -1 67 67 -1 -1 -1 68 -1 -1 -1 -1 -1 -1 -1 -1 -1 -1 -1 -1 69 -1 66 -1 61 -1 -1 70 -1 -1 -1
-1 62 62 -1 -1 -1 71 -1 -1 -1 -1 67 -1 -1 -1 68 -1 -1 -1 72 -1 -1 -1 73 -1 -1 -1 -1 -1 69 -1 66 -1 -1 -1 -1 70 -1 -1 -1
-1 -1 -1 -1 -1 -1 -1 -1 -1 74 -1 -1 -1 -1 -1 -1 -1 -1 -1 -1 -1 -1 -1 73 -1 -1 -1 -1 -1 -1 -1 -1 -1 75 -1 -1 70 -1 -1 -1
76 -1 -1 -1 77 -1 -1 -1 -1 -1 -1 -1 -1 -1 -1 78 -1 79 -1 -1 73 73 73 -1 -1 -1 -1 -1 -1 -1 -1 -1 -1 75 75 -1 70 -1 -1 80
76 76 -1 -1 77 -1 -1 -1 -1 -1 -1 -1 81 -1 -1 -1 -1 -1 79 -1 -1 -1 -1 73 -1 -1 -1 -1 -1 -1 -1 -1 -1 -1 -1 -1 70 -1 -1 -1
-1 -1 -1 -1 -1 -1 82 -1 -1 81 -1 81 81 -1 -1 -1 -1 -1 -1 -1 83 -1 -1 -1 -1 -1 -1 84 84 84 -1 -1 -1 -1 -1 -1 -1 85 -1 -1
-1 -1 86 -1 -1 -1 -1 82 -1 81 -1 81 81 -1 87 -1 -1 -1 -1 88 -1 -1 -1 -1 -1 -1 -1 84 -1 -1 -1 -1 -1 -1 -1 -1 -1 85 -1 -1
-1 -1 86 86 86 -1 -1 -1 -1 81 81 -1 -1 -1 -1 -1 -1 -1 -1 -1 -1 -1 -1 -1 -1 -1 -1 -1 -1 -1 -1 -1 -1 -1 89 -1 -1 -1 -1 -1
-1 -1 -1 -1 -1 -1 -1 -1 90 -1 81 81 -1 -1 91 -1 -1 -1 -1 -1 -1 -1 92 92 92 92 92 -1 -1 -1 93 -1 -1 -1 -1 89 -1 94 -1 -1
-1 -1 95 -1 -1 -1 96 -1 -1 -1 -1 81 -1 -1 -1 -1 -1 97 -1 -1 -1 -1 -1 -1 -1 -1 92 -1 98 -1 93 -1 -1 -1 -1 -1 -1 -1 -1 99
-1 -1 -1 95 -1 -1 -1 -1 -1 -1 -1 -1 -1 100 -1 -1 -1 -1 -1 -1 -1 -1 -1 -1 -1 -1 92 -1 98 -1 -1 -1 -1 -1 101 -1 -1 -1 -1 -1
-1 -1 -1 -1 -1 -1 102 -1 -1 -1 -1 -1 -1 -1 -1 -1 -1 103 -1 -1 104 -1 -1 92 92 92 -1 98 -1 -1 -1 -1 -1 -1 -1 -1 -1 -1 -1 -1
-1 -1 -1 -1 -1 -1 -1 -1 -1 -1 -1 -1 -1 -1 -1 103 103 103 -1 104 104 104 -1 -1 -1 -1 92 -1 -1 -1 -1 -1 -1 -1 -1 -1 -1 -1 -1 -1
-1 -1 -1 105 105 -1 -1 106 106 -1 -1 -1 107 -1 -1 -1 -1 -1 -1 -1 -1 -1 108 108 108 -1 -1 109 -1 -1 -1 -1 -1 110 110 -1 111 -1 -1 -1
-1 -1 -1 -1 -1 105 -1 -1 -1 -1 -1 -1 -1 -1 -1 -1 -1 -1 -1 -1 -1 -1 -1 108 -1 108 -1 -1 -1 -1 -1 -1 -1 -1 -1 110 -1 -1 -1 -1
-1 112 -1 -1 -1 -1 -1 -1 -1 -1 -1 113 -1 -1 -1 -1 -1 -1 -1 114 114 -1 -1 -1 -1 -1 -1 115 -1 -1 -1 116 -1 110 110 -1 -1 -1 -1 -1
-1 -1 -1 -1 -1 -1 -1 -1 -1 -1 -1 -1 -1 -1 -1 -1 117 -1 -1 -1 -1 -1 -1 118 -1 -1 -1 -1 115 115 115 -1 -1 -1 110 -1 119 -1 -1 -1
-1 -1 -1 -1 -1 120 -1 -1 -1 121 -1 122 -1 -1 -1 117 117 -1 -1 -1 123 -1 -1 -1 -1 -1 -1 -1 -1 -1 -1 124 -1 110 -1 -1 -1 -1 -1 -1
-1 125 -1 126 -1 -1 -1 127 -1 -1 -1 -1 -1 -1 -1 -1 -1 117 117 -1 123 -1 -1 128 -1 -1 -1 -1 129 -1 -1 124 -1 110 -1 -1 -1 -1 130 -1
-1 -1 -1 -1 -1 -1 127 -1 -1 -1 -1 131 -1 -1 117 117 117 -1 117 -1 -1 -1 -1 -1 -1 -1 -1 -1 -1 -1 124 -1 -1 110 -1 -1 -1 130 -1 -1
132 -1 -1 -1 -1 -1 127 -1 133 -1 -1 -1 -1 134 -1 -1 -1 117 -1 -1 135 -1 -1 -1 -1 -1 -1 -1 -1 -1 -1 -1 -1 -1 -1 -1 -1 -1 -1 -1
132 132 -1 -1 -1 -1 -1 -1 -1 -1 -1 136 -1 -1 -1 -1 -1 117 117 -1 -1 -1 -1 -1 -1 -1 137 -1 -1 -1 -1 138 138 -1 -1 -1 -1 139 139 -1
132 -1 -1 -1 140 -1 -1 -1 -1 -1 -1 136 -1 -1 -1 -1 -1 -1 -1 117 -1 -1 -1 -1 -1 -1 -1 -1 -1 -1 -1 -1 -1 138 -1 -1 -1 -1 -1 139
-1 -1 -1 -1 -1 -1 -1 -1 -1 -1 -1 136 -1 -1 141 141 -1 142 -1 -1 -1 143 143 -1 -1 144 -1 -1 145 -1 -1 -1 -1 -1 -1 -1 -1 -1 -1 -1
-1 -1 -1 -1 1 -1 -1 2 2 -1 -1 -1 -1 -1 -1 -1 -1 -1 -1 -1 -1 3 -1 4 -1 5 -1 -1 -1 -1 6 -1 -1 -1 -1 -1 -1 -1 -1 -1
-1 -1 7 -1 -1 -1 2 -1 -1 -1 -1 -1 -1 -1 -1 8 -1 -1 -1 -1 -1 -1 4 -1 -1 -1 -1 -1 -1 6 -1 -1 -1 9 -1 -1 -1 -1 -1 -1
-1 -1 -1 -1 -1 -1 -1 -1 -1 -1 10 -1 11 -1 -1 -1 -1 -1 -1 4 4 4 4 -1 12 -1 -1 -1 -1 -1 -1 -1 -1 -1 -1 13 -1 -1 14 -1
-1 -1 -1 -1 -1 -1 -1 15 -1 -1 -1 11 -1 -1 -1 -1 -1 -1 -1 -1 -1 -1 4 -1 -1 -1 -1 -1 -1 -1 16 -1 17 -1 -1 -1 -1 -1 -1 -1
-1 -1 -1 18 18 -1 -1 -1 -1 19 -1 11 -1 20 -1 -1 -1 21 21 -1 22 -1 -1 -1 -1 -1 23 -1 24 -1 -1 -1 -1 17 -1 -1 -1 25 -1 -1
-1 -1 -1 -1 -1 -1 -1 -1 19 -1 -1 -1 -1 -1 -1 26 -1 -1 -1 -1 22 -1 -1 -1 -1 -1 -1 -1 -1 -1 -1 -1 17 -1 -1 27 -1 -1 -1 -1
28 -1 -1 29 -1 -1 -1 30 -1 -1 -1 -1 -1 -1 -1 -1 26 -1 -1 -1 22 -1 31 31 -1 32 -1 -1 -1 33 33 -1 -1 -1 -1 -1 -1 -1 34 -1
28 -1 -1 -1 -1 30 30 30 -1 -1 35 -1 -1 -1 -1 26 -1 -1 -1 -1 22 -1 -1 31 -1 -1 36 -1 33 -1 -1 -1 -1 -1 -1 -1 -1 -1 -1 -1
-1 28 28 -1 30 30 -1 -1 -1 -1 -1 -1 -1 -1 -1 26 -1 -1 -1 -1 -1 -1 37 -1 -1 -1 -1 -1 -1 -1 -1 -1 -1 -1 -1 38 -1 -1 -1 -1
-1 28 -1 -1 -1 -1 -1 -1 39 39 -1 -1 -1 -1 -1 -1 -1 40 40 -1 -1 -1 -1 -1 41 -1 -1 -1 -1 -1 -1 42 -1 43 -1 -1 -1 44 -1 -1
45 -1 -1 -1 -1 46 46 -1 -1 -1 -1 -1 -1 -1 47 -1 48 -1 -1 40 40 -1 -1 49 -1 -1 -1 -1 -1 50 -1 -1 -1 -1 -1 -1 -1 -1 -1 -1
-1 51 -1 -1 -1 -1 -1 -1 -1 -1 52 -1 -1 -1 -1 -1 48 48 -1 -1 -1 53 -1 -1 54 -1 -1 50 50 -1 -1 -1 -1 -1 55 -1 -1 -1 56 -1
-1 -1 -1 -1 -1 -1 -1 -1 -1 -1 52 -1 -1 57 -1 -1 -1 -1 -1 -1 -1 -1 -1 -1 -1 -1 -1 -1 -1 -1 -1 -1 -1 -1 -1 -1 -1 -1 -1 56
58 -1 -1 59 -1 60 60 -1 -1 -1 52 -1 -1 -1 -1 -1 -1 -1 -1 -1 -1 61 -1 -1 -1 -1 62 -1 -1 -1 -1 -1 -1 63 -1 -1 -1 -1 -1 56
58 58 -1 -1 -1 -1 -1 -1 -1 -1 -1 -1 -1 -1 -1 -1 -1 -1 -1 -1 -1 -1 -1 -1 -1 64 -1 -1 -1 -1 -1 -1 -1 63 -1 65 65 -1 56 56
-1 58 -1 66 -1 -1 -1 -1 -1 -1 67 -1 -1 -1 -1 68 -1 -1 -1 -1 -1 -1 -1 69 -1 -1 -1 -1 70 70 -1 -1 -1 -1 -1 65 -1 -1 -1 56
58 58 -1 66 -1 71 -1 71 -1 -1 -1 -1 -1 -1 68 68 68 68 -1 -1 -1 72 -1 -1 -1 -1 -1 70 70 -1 -1 -1 -1 73 -1 -1 -1 -1 -1 -1
-1 -1 -1 -1 -1 71 71 -1 74 -1 -1 -1 75 -1 -1 -1 -1 -1 76 -1 -1 -1 77 -1 -1 -1 -1 -1 70 -1 -1 73 73 -1 -1 -1 78 78 -1 -1
-1 79 79 79 79 -1 71 -1 -1 -1 -1 -1 -1 -1 80 -1 -1 -1 -1 -1 81 -1 -1 -1 -1 -1 -1 -1 -1 -1 -1 -1 -1 73 -1 -1 -1 -1 -1 -1
-1 -1 -1 -1 79 -1 -1 -1 -1 -1 -1 -1 -1 -1 -1 -1 -1 -1 -1 -1 -1 -1 -1 82 -1 -1 -1 -1 -1 -1 -1 -1 -1 -1 -1 -1 -1 -1 -1 -1
-1 -1 -1 -1 79 -1 -1 83 83 83 -1 -1 -1 -1 -1 84 -1 -1 85 -1 -1 -1 -1 82 -1 -1 -1 -1 -1 86 -1 87 -1 -1 -1 -1 -1 -1 -1 -1
-1 -1 88 -1 -1 -1 -1 -1 83 -1 -1 89 -1 -1 -1 -1 -1 -1 -1 -1 -1 90 -1 -1 -1 -1 -1 -1 -1 -1 -1 87 -1 91 -1 -1 -1 -1 -1 -1
-1 -1 -1 -1 92 92 -1 -1 -1 -1 -1 -1 -1 -1 -1 -1 93 -1 -1 -1 -1 -1 -1 94 -1 -1 -1 -1 -1 -1 95 -1 -1 -1 -1 -1 -1 -1 -1 -1
-1 -1 -1 -1 92 92 -1 96 -1 -1 -1 -1 97 -1 -1 -1 -1 -1 -1 -1 -1 -1 -1 -1 -1 -1 -1 -1 98 -1 -1 -1 -1 99 99 -1 -1 -1 -1 -1
-1 -1 -1 100 -1 -1 -1 -1 -1 -1 -1 101 -1 97 -1 -1 102 -1 -1 -1 -1 -1 -1 -1 -1 -1 -1 -1 -1 98 -1 -1 -1 -1 -1 99 -1 103 -1 -1
-1 -1 -1 -1 -1 -1 -1 -1 104 -1 -1 -1 -1 -1 -1 102 -1 -1 -1 -1 -1 -1 105 105 -1 -1 -1 -1 -1 -1 -1 -1 -1 106 -1 -1 -1 -1 107 -1
-1 -1 -1 -1 -1 -1 -1 -1 -1 104 -1 -1 -1 -1 -1 -1 -1 -1 -1 -1 -1 -1 -1 -1 -1 -1 -1 -1 -1 -1 108 -1 -1 -1 -1 -1 -1 -1 -1 -1
-1 -1 -1 -1 -1 109 -1 110 -1 -1 -1 -1 -1 -1 -1 111 -1 -1 -1 -1 -1 -1 -1 -1 -1 -1 -1 -1 -1 -1 108 108 -1 -1 -1 112 -1 113 113 -1
-1 -1 114 -1 -1 -1 -1 -1 -1 115 -1 -1 -1 -1 -1 -1 -1 116 -1 -1 -1 -1 -1 -1 -1 -1 -1 -1 -1 -1 -1 -1 108 -1 -1 -1 -1 113 -1 -1
-1 -1 -1 -1 -1 -1 -1 -1 115 -1 117 -1 -1 -1 -1 116 116 -1 -1 -1 -1 -1 -1 118 -1 -1 119 -1 -1 -1 -1 -1 -1 -1 -1 -1 -1 -1 -1 120
-1 -1 121 -1 -1 -1 122 -1 -1 115 -1 -1 -1 -1 -1 -1 -1 -1 123 -1 -1 -1 124 -1 118 -1 -1 -1 -1 -1 -1 -1 -1 -1 -1 -1 -1 -1 -1 -1
-1 -1 -1 -1 -1 -1 -1 125 -1 -1 -1 -1 -1 -1 -1 -1 126 -1 -1 -1 -1 -1 -1 -1 -1 -1 -1 127 -1 -1 128 128 -1 -1 -1 -1 -1 -1 -1 -1
-1 -1 -1 -1 129 129 -1 -1 -1 -1 130 -1 -1 -1 -1 -1 -1 -1 131 131 -1 132 -1 -1 -1 -1 -1 127 -1 -1 -1 -1 -1 -1 133 -1 -1 -1 -1 -1
-1 -1 -1 -1 -1 -1 134 -1 -1 -1 -1 135 -1 -1 -1 -1 -1 -1 -1 -1 -1 -1 -1 -1 -1 -1 -1 -1 -1 136 -1 -1 -1 -1 133 -1 137 -1 138 -1
-1 -1 -1 -1 -1 -1 134 -1 -1 -1 -1 -1 -1 -1 -1 -1 -1 -1 -1 -1 -1 -1 -1 -1 -1 -1 -1 -1 -1 -1 -1 -1 -1 -1 133 -1 -1 -1 -1 -1
-1 -1 -1 139 -1 -1 134 -1 -1 140 -1 -1 141 -1 -1 -1 142 142 -1 -1 -1 -1 -1 -1 -1 -1 -1 -1 -1 -1 -1 -1 -1 -1 -1 -1 -1 -1 -1 -1
-1 143 -1 139 -1 -1 -1 134 -1 -1 140 -1 -1 -1 -1 -1 -1 -1 -1 -1 -1 -1 -1 -1 -1 -1 -1 -1 -1 -1 -1 -1 -1 -1 -1 -1 -1 -1 -1 -1
-1 -1 -1 -1 -1 134 134 -1 -1 -1 -1 -1 -1 144 144 -1 -1 -1 145 -1 -1 -1 -1 -1 -1 -1 -1 -1 -1 -1 -1 -1 -1 -1 -1 -1 -1 -1 -1 -1
-1 146 146 -1 -1 -1 134 134 -1 -1 -1 -1 144 144 -1 -1 -1 -1 145 145 -1 -1 -1 -1 -1 147 -1 -1 -1 148 148 148 148 -1 -1 -1 -1 -1 -1 -1
-1 -1 -1 -1 -1 -1 -1 134 -1 -1 149 -1 -1 -1 -1 -1 -1 145 -1 -1 150 -1 -1 -1 -1 147 147 147 -1 -1 -1 -1 -1 -1 -1 -1 151 151 -1 -1
-1 -1 -1 -1 -1 1 -1 2 2 -1 -1 -1 -1 -1 -1 -1 -1 -1 -1 3 -1 -1 -1 -1 -1 -1 4 -1 -1 -1 5 -1 -1 -1 -1 -1 -1 -1 -1 -1
-1 -1 6 6 -1 -1 2 -1 2 -1 -1 -1 -1 -1 7 -1 -1 -1 -1 -1 -1 -1 -1 -1 -1 -1 -1 8 8 -1 -1 -1 9 -1 10 10 10 -1 -1 11
-1 -1 -1 -1 6 6 -1 -1 -1 -1 12 -1 -1 7 7 -1 13 -1 -1 14 -1 -1 -1 -1 -1 -1 15 -1 -1 -1 -1 -1 9 -1 -1 10 -1 -1 -1 -1
-1 -1 6 6 -1 -1 -1 16 16 -1 -1 -1 -1 -1 -1 -1 -1 -1 -1 -1 -1 -1 -1 -1 -1 15 -1 -1 -1 -1 -1 -1 -1 17 -1 -1 -1 -1 18 18
-1 19 -1 -1 -1 -1 20 -1 -1 -1 21 -1 -1 -1 -1 -1 -1 -1 -1 -1 -1 -1 22 -1 -1 -1 -1 -1 -1 -1 -1 -1 -1 17 17 -1 -1 -1 -1 18
19 -1 -1 -1 20 20 -1 -1 23 -1 -1 -1 -1 24 24 24 -1 -1 -1 -1 -1 -1 -1 25 -1 -1 -1 -1 -1 26 -1 -1 -1 -1 -1 -1 -1 -1 18 -1
-1 -1 27 -1 -1 -1 -1 -1 -1 -1 -1 -1 -1 24 24 -1 -1 -1 -1 -1 -1 -1 28 -1 -1 -1 -1 -1 -1 26 -1 -1 -1 -1 -1 29 -1 30 -1 -1
-1 -1 -1 -1 -1 31 -1 -1 32 -1 -1 -1 24 -1 -1 -1 -1 -1 -1 33 -1 -1 -1 -1 -1 34 34 -1 26 -1 -1 35 -1 -1 -1 -1 30 -1 -1 -1
-1 36 36 -1 37 -1 -1 -1 -1 -1 -1 24 24 -1 -1 38 -1 -1 -1 -1 33 -1 -1 -1 -1 -1 34 -1 -1 -1 -1 -1 -1 -1 -1 -1 -1 -1 -1 -1
-1 -1 -1 -1 -1 39 -1 40 -1 -1 -1 24 -1 -1 38 -1 41 -1 42 -1 -1 -1 -1 -1 -1 34 34 -1 -1 -1 43 -1 44 -1 45 -1 46 -1 -1 -1
-1 -1 -1 -1 -1 -1 -1 40 -1 -1 47 -1 -1 -1 -1 -1 41 -1 42 -1 -1 -1 -1 -1 -1 34 -1 -1 48 -1 43 -1 44 -1 -1 -1 -1 -1 -1 -1
49 -1 -1 -1 50 50 -1 -1 -1 -1 47 -1 51 -1 -1 41 -1 -1 -1 -1 -1 -1 -1 -1 -1 -1 -1 -1 48 -1 -1 -1 -1 -1 -1 52 -1 -1 -1 -1
-1 -1 -1 53 -1 -1 -1 -1 -1 54 -1 -1 -1 -1 -1 -1 -1 55 55 55 -1 56 -1 -1 57 57 -1 -1 -1 -1 58 58 -1 59 -1 -1 -1 60 -1 -1
-1 53 53 -1 -1 -1 -1 -1 -1 -1 -1 -1 -1 -1 -1 61 -1 -1 -1 -1 56 -1 -1 -1 -1 57 -1 -1 -1 -1 -1 -1 -1 59 -1 -1 -1 -1 -1 -1
-1 -1 53 -1 -1 -1 -1 -1 -1 -1 -1 -1 -1 -1 -1 -1 61 -1 -1 62 -1 -1 -1 -1 -1 -1 -1 63 -1 -1 -1 -1 64 -1 -1 -1 -1 -1 -1 65
53 53 -1 -1 -1 -1 -1 -1 -1 -1 66 -1 -1 67 -1 -1 -1 -1 -1 -1 -1 68 -1 -1 -1 -1 -1 -1 -1 -1 -1 -1 -1 -1 -1 -1 69 -1 -1 -1
53 -1 -1 -1 -1 -1 -1 -1 70 -1 -1 66 -1 -1 -1 -1 71 -1 72 -1 -1 -1 -1 -1 -1 73 -1 -1 -1 -1 -1 -1 -1 74 -1 -1 -1 -1 -1 75
-1 -1 -1 -1 -1 -1 76 -1 70 -1 -1 -1 -1 -1 -1 -1 -1 -1 72 72 72 -1 -1 -1 -1 73 -1 -1 -1 -1 -1 -1 -1 74 -1 -1 77 -1 -1 -1
-1 -1 -1 -1 -1 -1 -1 -1 -1 -1 -1 -1 -1 -1 -1 -1 -1 -1 -1 -1 -1 -1 -1 -1 -1 -1 -1 -1 -1 -1 -1 74 74 74 -1 -1 -1 -1 -1 -1
78 -1 -1 -1 -1 -1 79 -1 -1 -1 80 80 80 -1 81 -1 -1 -1 -1 -1 -1 -1 -1 -1 82 -1 -1 -1 -1 -1 -1 74 74 -1 -1 -1 -1 -1 83 -1
-1 -1 -1 84 -1 -1 -1 79 79 79 -1 -1 -1 -1 81 -1 -1 -1 -1 -1 -1 -1 -1 -1 -1 82 -1 -1 -1 85 -1 -1 74 -1 74 -1 -1 -1 -1 -1
-1 -1 -1 -1 -1 -1 -1 79 -1 -1 86 -1 -1 -1 -1 -1 -1 -1 -1 -1 -1 -1 -1 87 -1 -1 88 -1 -1 -1 -1 -1 74 74 -1 -1 -1 -1 89 -1
-1 90 -1 91 -1 -1 -1 -1 -1 -1 -1 -1 -1 -1 -1 -1 92 -1 -1 -1 -1 -1 -1 -1 87 -1 -1 -1 -1 -1 93 93 -1 -1 -1 -1 -1 -1 89 -1
-1 -1 91 -1 94 -1 -1 -1 -1 -1 -1 -1 -1 -1 95 -1 -1 -1 -1 96 -1 -1 -1 -1 -1 97 -1 98 -1 -1 -1 -1 -1 -1 -1 -1 -1 -1 -1 -1
-1 -1 91 -1 -1 -1 99 -1 -1 -1 -1 100 100 -1 -1 -1 -1 -1 101 -1 -1 -1 -1 -1 -1 -1 97 -1 -1 -1 -1 -1 -1 102 -1 -1 -1 -1 -1 103
-1 -1 -1 -1 -1 -1 -1 104 104 104 -1 -1 -1 -1 -1 -1 -1 101 -1 -1 -1 -1 -1 -1 105 -1 -1 -1 -1 106 -1 -1 -1 -1 -1 107 -1 -1 103 -1
108 108 108 -1 -1 -1 -1 -1 -1 104 104 -1 -1 -1 -1 -1 -1 -1 -1 -1 -1 -1 -1 -1 -1 -1 -1 -1 -1 -1 -1 -1 -1 -1 109 -1 -1 110 -1 -1
108 108 -1 -1 -1 111 111 -1 104 -1 -1 112 112 -1 -1 -1 -1 -1 -1 -1 -1 -1 -1 -1 -1 -1 -1 -1 -1 -1 -1 -1 -1 109 -1 113 -1 -1 -1 114
-1 -1 -1 -1 -1 -1 111 -1 104 -1 -1 -1 112 -1 115 -1 -1 -1 -1 -1 -1 116 -1 -1 -1 -1 -1 -1 117 -1 -1 -1 -1 109 -1 -1 113 -1 -1 -1
-1 -1 -1 -1 -1 -1 -1 -1 104 -1 -1 -1 -1 -1 -1 118 -1 -1 -1 -1 -1 -1 -1 -1 -1 119 119 -1 -1 120 120 -1 109 -1 -1 -1 -1 -1 121 -1
-1 122 -1 -1 123 -1 -1 124 -1 -1 -1 -1 -1 -1 -1 -1 118 -1 125 -1 -1 -1 -1 -1 -1 -1 -1 -1 120 120 -1 -1 -1 -1 -1 -1 -1 -1 -1 121
-1 -1 -1 123 -1 -1 124 124 -1 -1 -1 -1 -1 -1 -1 118 -1 -1 -1 -1 126 126 -1 -1 127 -1 120 120 120 -1 120 -1 -1 -1 -1 -1 -1 128 -1 -1
-1 -1 -1 -1 -1 -1 124 124 -1 -1 -1 -1 -1 -1 -1 -1 -1 129 -1 -1 126 -1 -1 -1 -1 -1 -1 120 -1 -1 120 -1 -1 -1 -1 -1 -1 -1 -1 -1
-1 -1 -1 -1 130 -1 -1 -1 -1 -1 -1 131 -1 -1 -1 -1 -1 -1 -1 -1 -1 -1 -1 -1 132 -1 -1 120 120 120 120 -1 -1 -1 -1 -1 -1 133 -1 -1
134 -1 -1 -1 -1 130 -1 -1 -1 -1 135 -1 -1 -1 -1 -1 -1 -1 -1 -1 -1 -1 -1 -1 -1 132 -1 -1 -1 -1 -1 -1 -1 -1 -1 -1 -1 -1 -1 -1
-1 -1 -1 -1 -1 -1 136 -1 -1 -1 -1 -1 -1 137 -1 -1 138 -1 -1 -1 -1 -1 -1 -1 132 -1 -1 -1 -1 139 -1 -1 -1 -1 -1 -1 140 140 -1 -1
-1 141 -1 -1 -1 142 -1 -1 -1 -1 143 -1 144 -1 137 -1 138 -1 -1 -1 -1 145 -1 -1 -1 -1 -1 -1 -1 139 -1 -1 -1 -1 -1 -1 140 -1 -1 -1
-1 -1 -1 -1 142 -1 -1 -1 -1 -1 -1 -1 -1 -1 -1 -1 -1 -1 146 -1 -1 -1 -1 147 -1 -1 -1 -1 -1 139 -1 -1 -1 -1 -1 -1 -1 -1 148 -1
-1 149 149 -1 142 -1 -1 150 -1 -1 -1 -1 -1 -1 -1 -1 -1 -1 -1 -1 -1 -1 -1 147 -1 -1 -1 -1 -1 -1 -1 -1 -1 -1 -1 151 -1 -1 148 -1
-1 149 -1 -1 -1 -1 -1 -1 152 -1 -1 -1 153 153 -1 -1 -1 -1 154 -1 -1 -1 -1 -1 -1 155 -1 -1 -1 -1 -1 156 -1 -1 -1 -1 -1 -1 148 -1
-1 -1 -1 1 -1 -1 -1 -1 2 -1 -1 -1 -1 -1 3 -1 4 -1 -1 -1 -1 -1 -1 -1 -1 -1 -1 -1 -1 -1 -1 -1 -1 -1 5 -1 -1 6 -1 -1
-1 -1 1 -1 -1 -1 -1 2 -1 -1 -1 -1 7 -1 -1 -1 -1 -1 8 -1 -1 -1 9 -1 -1 -1 -1 -1 -1 -1 -1 10 -1 -1 -1 -1 -1 -1 11 -1
-1 -1 -1 -1 -1 -1 12 -1 -1 -1 13 13 -1 7 -1 -1 -1 -1 8 -1 -1 -1 -1 9 -1 -1 -1 -1 14 -1 -1 -1 10 10 10 -1 -1 15 -1 11
-1 -1 -1 16 16 -1 -1 -1 -1 13 -1 -1 -1 7 -1 -1 -1 -1 -1 -1 -1 -1 -1 -1 -1 -1 17 -1 14 -1 -1 -1 -1 -1 -1 -1 15 -1 -1 -1
-1 -1 16 16 -1 -1 -1 -1 -1 -1 13 -1 18 -1 -1 -1 19 -1 -1 20 -1 -1 -1 -1 -1 17 17 -1 -1 14 -1 -1 21 -1 -1 -1 -1 15 -1 -1
-1 -1 -1 -1 22 -1 -1 -1 23 -1 -1 -1 -1 -1 -1 -1 19 -1 -1 20 -1 -1 24 -1 -1 -1 -1 -1 14 -1 -1 -1 -1 -1 -1 -1 -1 -1 -1 25
26 26 -1 -1 -1 22 -1 -1 -1 -1 -1 -1 -1 -1 -1 -1 -1 -1 27 -1 -1 -1 -1 -1 -1 28 -1 29 -1 14 -1 -1 -1 -1 -1 -1 30 30 -1 -1
-1 -1 -1 -1 -1 22 -1 -1 -1 -1 -1 -1 -1 -1 -1 -1 -1 -1 -1 -1 -1 -1 -1 -1 -1 -1 -1 -1 -1 -1 -1 31 -1 32 -1 -1 -1 30 -1 -1
-1 33 -1 -1 34 -1 22 -1 35 35 35 -1 -1 -1 -1 -1 -1 -1 -1 36 -1 37 -1 -1 38 38 38 -1 39 -1 -1 31 -1 -1 32 -1 -1 -1 -1 -1
-1 -1 -1 -1 34 -1 -1 -1 -1 -1 -1 -1 -1 -1 -1 40 -1 -1 36 -1 37 -1 -1 38 -1 -1 -1 -1 -1 -1 -1 -1 -1 -1 -1 -1 -1 41 -1 -1
-1 42 42 -1 -1 34 -1 43 43 -1 -1 -1 -1 44 -1 -1 -1 45 -1 -1 -1 37 37 -1 -1 -1 46 -1 -1 -1 -1 47 -1 -1 -1 -1 -1 -1 -1 -1
-1 -1 -1 48 -1 -1 43 -1 43 -1 49 -1 -1 44 -1 -1 -1 -1 -1 -1 37 -1 -1 50 -1 -1 -1 -1 -1 -1 -1 -1 51 -1 -1 -1 -1 -1 -1 -1
52 52 -1 -1 48 -1 -1 -1 -1 43 -1 -1 53 -1 -1 -1 -1 -1 -1 37 37 -1 -1 -1 50 -1 54 -1 -1 -1 -1 -1 51 51 -1 55 -1 -1 -1 -1
-1 -1 -1 -1 -1 -1 -1 -1 -1 -1 -1 -1 -1 -1 -1 -1 -1 -1 -1 -1 -1 56 -1 -1 -1 -1 -1 -1 -1 -1 -1 -1 -1 51 -1 -1 -1 -1 57 -1
-1 -1 -1 -1 -1 -1 -1 58 -1 59 -1 -1 -1 -1 -1 60 -1 -1 -1 -1 61 -1 56 -1 -1 62 62 -1 -1 -1 -1 -1 -1 -1 -1 -1 -1 -1 -1 57
-1 -1 63 -1 -1 -1 58 -1 -1 -1 -1 -1 64 64 -1 -1 -1 -1 -1 -1 61 -1 -1 -1 -1 62 -1 -1 65 65 -1 -1 -1 66 66 -1 -1 67 -1 -1
-1 -1 -1 -1 -1 -1 -1 58 -1 -1 -1 -1 -1 -1 64 -1 68 68 -1 -1 -1 -1 -1 -1 62 62 -1 -1 65 65 -1 -1 -1 66 66 -1 -1 -1 67 -1
-1 -1 -1 -1 69 -1 58 -1 58 -1 -1 -1 -1 -1 -1 -1 -1 -1 -1 -1 -1 -1 -1 -1 62 -1 -1 -1 -1 -1 -1 -1 -1 -1 66 -1 70 -1 67 -1
71 -1 -1 -1 69 -1 -1 58 58 -1 -1 -1 72 -1 -1 73 -1 -1 -1 -1 -1 -1 -1 -1 62 -1 -1 -1 -1 -1 -1 -1 66 66 66 -1 -1 -1 -1 -1
-1 -1 -1 -1 -1 -1 -1 -1 -1 -1 -1 -1 72 -1 -1 -1 74 -1 -1 -1 -1 -1 -1 -1 -1 -1 75 -1 -1 -1 66 66 -1 -1 -1 -1 76 76 -1 -1
77 -1 -1 78 -1 -1 -1 -1 -1 79 -1 -1 -1 -1 -1 -1 -1 -1 -1 -1 80 -1 -1 -1 -1 -1 -1 75 -1 -1 -1 -1 -1 -1 -1 -1 76 -1 -1 -1
-1 -1 78 78 -1 -1 -1 -1 -1 -1 -1 -1 -1 81 -1 -1 -1 -1 -1 -1 -1 -1 82 -1 -1 -1 -1 -1 -1 -1 -1 -1 -1 83 -1 -1 -1 -1 -1 -1
-1 -1 -1 78 -1 -1 -1 -1 -1 -1 -1 -1 -1 -1 -1 -1 84 -1 -1 -1 -1 -1 -1 -1 -1 -1 85 85 85 85 85 -1 -1 -1 83 -1 86 -1 -1 87
-1 -1 -1 -1 -1 -1 -1 -1 -1 88 -1 -1 -1 89 -1 84 -1 -1 -1 -1 -1 90 -1 -1 -1 -1 -1 -1 85 85 -1 -1 -1 83 -1 86 -1 91 -1 -1
-1 -1 -1 -1 -1 -1 -1 -1 92 -1 -1 93 93 -1 -1 -1 -1 -1 -1 -1 94 -1 -1 -1 -1 -1 -1 -1 -1 -1 -1 -1 -1 -1 -1 -1 -1 -1 -1 -1
-1 95 -1 96 96 -1 -1 -1 92 -1 -1 -1 -1 -1 97 -1 -1 -1 98 -1 -1 99 -1 -1 -1 -1 -1 -1 -1 -1 100 -1 -1 -1 -1 -1 101 101 -1 -1
-1 -1 -1 -1 -1 -1 -1 -1 -1 -1 -1 102 -1 -1 -1 97 -1 98 98 -1 -1 -1 -1 103 103 -1 -1 -1 -1 -1 100 -1 -1 -1 -1 -1 -1 -1 -1 -1
-1 -1 104 -1 -1 105 -1 -1 -1 106 -1 -1 -1 -1 -1 97 -1 -1 -1 -1 107 -1 -1 -1 -1 -1 -1 108 -1 -1 -1 109 -1 -1 110 -1 -1 -1 -1 -1
111 -1 -1 -1 -1 105 -1 -1 -1 -1 -1 -1 -1 -1 -1 -1 -1 -1 112 -1 -1 -1 -1 -1 113 -1 114 -1 108 -1 -1 -1 109 -1 -1 -1 -1 115 -1 -1
-1 -1 -1 105 105 -1 -1 -1 -1 -1 -1 116 116 -1 -1 -1 -1 -1 -1 117 -1 -1 -1 -1 -1 -1 114 -1 -1 -1 -1 -1 -1 -1 118 118 -1 -1 -1 -1
-1 119 -1 -1 105 105 -1 -1 -1 -1 -1 -1 -1 -1 -1 -1 120 -1 121 -1 -1 -1 -1 -1 122 -1 -1 -1 -1 -1 -1 -1 -1 -1 -1 -1 118 -1 -1 -1
119 -1 123 -1 105 105 -1 -1 -1 -1 -1 -1 -1 -1 -1 -1 -1 -1 -1 124 -1 -1 -1 -1 -1 -1 -1 125 -1 -1 -1 -1 -1 -1 -1 -1 118 -1 126 -1
119 -1 123 -1 -1 -1 -1 -1 -1 -1 127 -1 128 128 -1 -1 -1 -1 -1 -1 -1 -1 -1 -1 -1 129 -1 125 -1 -1 -1 -1 -1 -1 -1 -1 -1 -1 -1 126
-1 123 -1 130 -1 131 -1 -1 -1 127 -1 128 128 -1 -1 -1 -1 132 -1 -1 133 -1 134 134 -1 -1 -1 -1 -1 135 -1 -1 -1 -1 -1 -1 136 136 -1 -1
-1 -1 -1 -1 -1 -1 -1 -1 -1 -1 127 -1 128 -1 -1 -1 -1 -1 -1 -1 -1 -1 -1 -1 -1 -1 -1 -1 -1 -1 -1 -1 -1 -1 -1 -1 -1 136 -1 137
-1 138 138 -1 -1 -1 139 139 -1 -1 -1 -1 -1 -1 -1 -1 140 -1 141 -1 -1 -1 -1 142 -1 143 143 -1 -1 -1 -1 144 -1 -1 -1 -1 -1 -1 -1 -1
138 138 -1 -1 -1 145 -1 -1 -1 -1 -1 146 -1 -1 147 -1 -1 -1 -1 -1 148 -1 -1 -1 -1 143 -1 143 -1 -1 -1 144 -1 -1 -1 -1 -1 -1 -1 149
-1 138 -1 -1 145 -1 -1 -1 -1 146 146 -1 -1 -1 147 -1 150 -1 151 -1 -1 -1 -1 143 143 -1 -1 143 -1 -1 -1 -1 -1 152 -1 -1 -1 -1 -1 -1
-1 -1 -1 -1 -1 -1 -1 -1 -1 -1 -1 -1 -1 -1 -1 -1 -1 -1 -1 -1 -1 153 -1 -1 143 -1 154 -1 -1 -1 -1 -1 -1 -1 152 -1 -1 -1 -1 -1
-1 -1 -1 -1 -1 -1 -1 -1 -1 -1 -1 -1 155 -1 -1 -1 -1 -1 -1 -1 -1 -1 -1 -1 -1 154 -1 -1 -1 -1 -1 -1 -1 -1 152 152 152 152 -1 -1
-1 -1 -1 -1 -1 -1 -1 -1 1 -1 -1 -1 -1 -1 -1 -1 -1 -1 -1 -1 -1 2 2 -1 -1 -1 3 -1 -1 4 -1 5 5 -1 -1 -1 -1 -1 6 -1
7 -1 -1 -1 -1 8 -1 -1 -1 -1 -1 -1 -1 -1 -1 9 9 -1 -1 -1 -1 -1 -1 10 -1 3 -1 -1 -1 4 -1 -1 5 -1 -1 -1 -1 -1 -1 -1
-1 -1 11 11 -1 -1 -1 -1 -1 -1 -1 -1 12 12 -1 9 -1 -1 -1 -1 -1 -1 -1 -1 -1 3 -1 -1 4 4 -1 -1 -1 5 -1 -1 -1 -1 -1 -1
-1 -1 -1 -1 -1 -1 -1 -1 -1 -1 13 -1 -1 -1 -1 -1 -1 -1 -1 -1 -1 14 -1 15 -1 -1 -1 -1 -1 -1 16 -1 5 -1 -1 -1 17 17 17 -1
18 -1 -1 -1 19 -1 -1 -1 -1 -1 -1 -1 -1 -1 20 -1 -1 -1 -1 -1 -1 -1 -1 -1 -1 -1 -1 -1 -1 -1 -1 16 -1 -1 -1 -1 17 -1 17 -1
-1 -1 -1 19 -1 -1 -1 -1 21 -1 22 22 -1 -1 -1 -1 -1 -1 -1 -1 -1 -1 -1 -1 -1 -1 -1 -1 23 -1 -1 -1 -1 -1 -1 -1 -1 -1 -1 24
-1 -1 -1 -1 -1 25 -1 -1 -1 21 -1 22 -1 26 -1 -1 -1 27 -1 -1 28 -1 -1 -1 -1 -1 29 -1 23 -1 -1 -1 -1 -1 30 -1 -1 31 31 -1
-1 32 -1 33 -1 25 -1 -1 -1 21 -1 22 -1 -1 34 -1 -1 27 -1 -1 28 -1 -1 -1 -1 -1 -1 -1 -1 -1 -1 -1 -1 -1 -1 35 -1 31 -1 -1
-1 -1 -1 33 33 -1 -1 -1 -1 -1 -1 -1 -1 36 -1 -1 -1 27 -1 -1 -1 -1 -1 -1 37 -1 38 -1 39 -1 -1 40 -1 -1 -1 -1 -1 -1 -1 -1
-1 -1 -1 -1 -1 -1 -1 -1 -1 -1 41 41 -1 -1 -1 -1 -1 -1 -1 -1 -1 42 -1 -1 -1 -1 -1 -1 -1 -1 -1 -1 -1 -1 -1 -1 -1 -1 -1 -1
-1 -1 43 -1 -1 -1 -1 -1 -1 -1 -1 41 41 41 -1 44 -1 -1 -1 -1 -1 -1 -1 -1 -1 -1 -1 -1 -1 45 -1 -1 46 -1 -1 -1 -1 -1 47 -1
-1 43 -1 -1 -1 -1 -1 48 -1 -1 -1 -1 -1 -1 -1 -1 49 -1 -1 -1 -1 50 -1 -1 -1 -1 -1 -1 -1 45 -1 46 -1 -1 -1 -1 51 -1 -1 -1
-1 -1 -1 -1 52 52 -1 48 -1 53 -1 -1 -1 54 -1 55 -1 -1 -1 56 -1 -1 -1 -1 -1 -1 -1 57 -1 -1 -1 46 -1 -1 -1 -1 -1 -1 58 58
-1 -1 -1 -1 52 -1 -1 -1 -1 -1 59 -1 -1 -1 -1 -1 60 -1 56 -1 -1 -1 -1 -1 61 -1 -1 -1 -1 -1 46 -1 -1 62 -1 63 63 -1 -1 -1
-1 -1 -1 -1 -1 -1 -1 64 -1 65 -1 -1 -1 -1 66 -1 -1 -1 -1 -1 -1 -1 -1 -1 -1 -1 67 -1 -1 -1 46 -1 -1 -1 62 -1 -1 -1 -1 -1
-1 -1 -1 68 -1 64 64 -1 -1 -1 -1 -1 -1 -1 -1 -1 -1 -1 -1 -1 -1 -1 -1 -1 -1 -1 -1 69 -1 -1 -1 -1 -1 -1 -1 -1 70 70 70 -1
-1 71 -1 68 -1 -1 -1 -1 -1 72 -1 -1 73 73 -1 -1 -1 -1 -1 74 74 -1 -1 75 -1 -1 -1 -1 -1 -1 -1 76 -1 -1 -1 -1 -1 -1 -1 -1
-1 -1 -1 -1 -1 -1 77 -1 -1 -1 -1 -1 73 73 -1 -1 -1 -1 -1 -1 -1 -1 -1 -1 -1 78 -1 -1 -1 -1 -1 -1 -1 -1 79 -1 -1 -1 -1 -1
-1 -1 80 -1 -1 -1 -1 -1 -1 -1 -1 -1 -1 -1 -1 81 81 81 81 -1 -1 -1 -1 -1 -1 -1 78 -1 82 -1 83 -1 -1 84 -1 -1 85 -1 -1 -1
86 -1 -1 -1 -1 -1 -1 -1 -1 -1 -1 -1 87 -1 -1 -1 -1 -1 81 -1 -1 -1 -1 -1 -1 -1 -1 -1 -1 83 -1 88 -1 84 -1 85 -1 -1 -1 -1
-1 -1 -1 89 -1 -1 90 -1 -1 -1 -1 -1 -1 -1 -1 -1 -1 -1 -1 -1 -1 -1 -1 -1 -1 -1 -1 -1 91 -1 -1 -1 -1 84 -1 -1 -1 -1 -1 -1
-1 -1 -1 -1 -1 90 -1 -1 -1 -1 -1 -1 -1 -1 92 92 -1 93 93 -1 -1 -1 -1 -1 94 -1 -1 91 -1 -1 -1 -1 -1 -1 -1 -1 -1 -1 -1 -1
95 -1 -1 -1 -1 -1 -1 -1 -1 -1 -1 -1 -1 -1 -1 92 92 -1 -1 -1 -1 96 96 -1 -1 -1 -1 -1 -1 -1 -1 -1 97 -1 -1 -1 -1 -1 -1 -1
-1 -1 -1 -1 -1 -1 98 -1 -1 -1 -1 -1 -1 -1 -1 -1 -1 -1 -1 -1 96 -1 -1 -1 -1 -1 -1 -1 -1 99 99 -1 -1 -1 -1 -1 -1 -1 -1 100
-1 101 -1 -1 102 -1 -1 98 -1 -1 103 103 -1 -1 -1 -1 104 -1 -1 105 -1 -1 -1 106 -1 -1 -1 -1 -1 -1 99 99 -1 -1 -1 -1 -1 -1 107 -1
-1 -1 102 102 -1 -1 -1 -1 108 -1 -1 103 -1 -1 -1 -1 -1 105 105 -1 -1 -1 -1 -1 -1 -1 -1 -1 -1 -1 -1 99 -1 109 -1 -1 110 -1 -1 -1
111 -1 -1 -1 102 -1 -1 112 -1 -1 -1 103 -1 113 -1 114 -1 -1 105 -1 -1 115 -1 -1 116 -1 -1 -1 -1 117 -1 99 -1 -1 109 -1 -1 -1 -1 -1
-1 -1 -1 -1 102 102 -1 -1 -1 -1 -1 -1 -1 -1 -1 -1 -1 -1 -1 118 -1 -1 -1 -1 116 -1 -1 -1 117 -1 -1 -1 -1 -1 -1 -1 -1 119 -1 -1
-1 -1 -1 120 -1 -1 -1 -1 -1 121 -1 -1 -1 -1 -1 -1 -1 -1 -1 -1 118 118 -1 -1 116 116 -1 117 117 -1 -1 -1 -1 -1 122 -1 -1 -1 -1 -1
-1 -1 -1 -1 -1 -1 -1 -1 -1 -1 -1 -1 -1 -1 -1 -1 -1 -1 -1 -1 118 -1 -1 -1 -1 -1 117 117 -1 -1 -1 123 -1 -1 -1 -1 -1 -1 -1 124
-1 -1 -1 125 -1 -1 126 -1 127 -1 -1 -1 128 -1 -1 -1 -1 -1 129 -1 -1 118 -1 -1 -1 -1 -1 117 -1 -1 -1 -1 -1 -1 130 -1 131 -1 -1 -1
-1 -1 -1 -1 -1 -1 -1 -1 127 -1 -1 -1 -1 -1 -1 -1 132 -1 -1 -1 118 -1 -1 -1 117 -1 -1 117 -1 -1 -1 -1 -1 130 -1 131 -1 -1 -1 -1
133 -1 -1 134 -1 135 -1 -1 -1 -1 -1 -1 -1 -1 -1 136 -1 -1 -1 -1 -1 -1 -1 -1 -1 117 117 117 -1 -1 -1 -1 -1 130 -1 -1 -1 -1 -1 -1
-1 137 -1 -1 -1 -1 -1 -1 -1 -1 -1 138 -1 -1 136 -1 -1 139 -1 -1 -1 -1 -1 -1 -1 -1 117 -1 -1 -1 -1 -1 -1 -1 140 140 -1 -1 -1 -1
141 -1 -1 -1 -1 -1 -1 -1 -1 -1 142 -1 -1 -1 -1 -1 -1 -1 -1 -1 -1 -1 -1 -1 -1 -1 -1 -1 -1 -1 -1 -1 143 -1 -1 -1 140 -1 -1 -1
-1 -1 -1 144 -1 -1 145 -1 -1 -1 -1 -1 -1 -1 -1 -1 146 -1 -1 147 -1 -1 -1 -1 148 -1 -1 149 -1 -1 -1 -1 -1 -1 -1 140 -1 150 150 -1
-1 -1 -1 -1 144 -1 -1 -1 -1 -1 -1 -1 -1 -1 -1 -1 -1 146 -1 147 -1 -1 -1 -1 -1 -1 -1 -1 -1 -1 -1 -1 -1 151 -1 -1 -1 150 -1 -1
-1 -1 -1 -1 -1 -1 -1 152 -1 153 -1 -1 -1 -1 -1 154 -1 -1 147 -1 -1 -1 155 155 -1 -1 156 -1 -1 -1 157 -1 -1 -1 -1 158 -1 150 150 -1
-1 -1 -1 159 -1 -1 -1 -1 -1 -1 -1 -1 160 -1 -1 154 -1 -1 -1 -1 -1 -1 -1 -1 -1 161 -1 -1 162 -1 -1 -1 -1 -1 158 158 -1 -1 -1 -1
-1 -1 -1 -1 -1 -1 -1 -1 163 -1 160 160 -1 -1 -1 -1 -1 -1 -1 164 -1 -1 -1 -1 -1 161 -1 -1 -1 -1 -1 -1 158 158 158 -1 -1 -1 -1 -1
-1 1 1 -1 -1 -1 -1 -1 2 2 -1 -1 3 3 -1 4 -1 -1 5 -1 -1 -1 -1 -1 -1 -1 -1 -1 -1 -1 -1 -1 -1 -1 -1 6 -1 -1 -1 -1
-1 1 -1 -1 -1 7 -1 -1 -1 -1 -1 3 -1 -1 4 -1 5 5 -1 -1 -1 -1 -1 -1 -1 -1 -1 -1 -1 -1 -1 -1 -1 -1 -1 -1 -1 -1 -1 -1
-1 -1 -1 7 7 7 -1 8 8 -1 -1 -1 -1 -1 -1 -1 -1 -1 -1 -1 -1 9 -1 -1 -1 -1 -1 10 -1 -1 -1 -1 -1 -1 -1 -1 11 -1 -1 -1
-1 -1 -1 -1 -1 7 -1 -1 -1 12 -1 -1 -1 -1 -1 -1 -1 -1 -1 13 -1 -1 -1 -1 14 -1 -1 -1 -1 -1 -1 -1 -1 15 -1 -1 -1 -1 -1 -1
-1 -1 -1 -1 -1 -1 -1 -1 -1 -1 -1 -1 -1 16 -1 -1 -1 -1 -1 -1 -1 -1 -1 -1 -1 -1 -1 -1 -1 -1 -1 17 -1 -1 -1 18 18 -1 -1 -1
-1 -1 -1 19 -1 -1 20 20 20 -1 21 -1 -1 -1 -1 -1 -1 -1 -1 -1 -1 -1 -1 -1 -1 -1 -1 -1 -1 -1 -1 17 -1 -1 -1 -1 18 -1 -1 -1
-1 -1 22 -1 19 19 -1 -1 -1 -1 -1 -1 -1 -1 -1 23 -1 -1 -1 -1 -1 -1 -1 24 -1 -1 -1 -1 -1 -1 -1 -1 -1 -1 -1 25 -1 18 -1 26
-1 -1 -1 -1 19 -1 -1 -1 -1 27 -1 -1 28 -1 -1 -1 -1 -1 -1 29 -1 -1 -1 -1 30 -1 -1 -1 -1 -1 -1 -1 -1 -1 -1 -1 18 -1 -1 -1
-1 -1 -1 -1 19 -1 -1 -1 31 -1 -1 -1 -1 -1 -1 -1 -1 -1 -1 -1 -1 -1 -1 32 -1 30 -1 33 -1 -1 -1 34 -1 -1 -1 18 18 -1 35 35
-1 -1 -1 -1 19 -1 -1 -1 -1 -1 -1 -1 -1 -1 36 -1 -1 -1 -1 37 -1 -1 -1 -1 -1 30 -1 33 -1 -1 -1 -1 -1 38 -1 -1 -1 -1 35 -1
-1 -1 39 39 -1 -1 40 -1 -1 -1 -1 -1 -1 41 -1 36 -1 -1 -1 -1 37 -1 -1 -1 -1 30 -1 -1 -1 -1 42 -1 -1 -1 38 38 38 38 -1 35
-1 -1 -1 -1 -1 -1 -1 43 -1 44 -1 45 -1 -1 -1 36 -1 -1 -1 37 -1 -1 46 -1 -1 -1 -1 47 -1 42 -1 -1 -1 -1 -1 -1 38 -1 35 35
-1 -1 48 48 -1 -1 -1 -1 -1 44 -1 -1 45 -1 -1 -1 -1 49 -1 37 -1 -1 -1 -1 -1 -1 -1 -1 -1 -1 -1 -1 -1 -1 -1 -1 -1 -1 -1 -1
-1 48 -1 -1 -1 -1 -1 44 44 -1 -1 -1 -1 -1 -1 -1 -1 49 -1 -1 50 50 -1 -1 -1 -1 -1 -1 -1 -1 51 -1 -1 52 -1 -1 -1 -1 -1 -1
-1 48 -1 -1 -1 -1 -1 -1 -1 -1 -1 -1 -1 -1 -1 -1 53 -1 -1 50 50 -1 -1 -1 -1 54 54 -1 -1 -1 -1 51 -1 -1 52 -1 -1 -1 -1 -1
-1 -1 -1 -1 55 55 55 -1 56 -1 -1 -1 57 -1 -1 -1 -1 58 -1 -1 -1 -1 -1 -1 54 -1 -1 59 59 -1 51 51 -1 -1 -1 -1 -1 60 -1 -1
-1 -1 -1 -1 55 -1 -1 -1 -1 -1 -1 -1 -1 57 -1 -1 -1 -1 -1 -1 -1 -1 -1 -1 -1 -1 -1 59 -1 -1 -1 -1 -1 -1 -1 61 -1 60 -1 -1
-1 -1 -1 -1 -1 -1 62 -1 -1 -1 63 -1 -1 -1 -1 64 -1 -1 -1 -1 -1 -1 65 -1 -1 -1 -1 -1 -1 -1 -1 -1 61 61 61 -1 -1 -1 -1 -1
-1 -1 -1 -1 -1 -1 -1 -1 -1 66 -1 -1 -1 -1 -1 -1 -1 -1 -1 -1 67 -1 -1 -1 -1 68 -1 -1 -1 -1 -1 -1 -1 -1 -1 -1 -1 -1 -1 -1
-1 -1 -1 -1 -1 -1 -1 -1 66 -1 -1 69 69 -1 -1 -1 70 -1 -1 -1 -1 71 71 -1 -1 -1 -1 -1 -1 -1 72 72 -1 -1 -1 -1 -1 -1 -1 73
-1 74 -1 75 -1 76 -1 -1 -1 -1 -1 -1 69 -1 77 -1 -1 -1 -1 78 -1 -1 -1 -1 -1 79 -1 80 80 -1 -1 -1 -1 -1 -1 -1 -1 -1 81 -1
-1 74 -1 -1 76 -1 -1 -1 -1 -1 -1 -1 69 -1 -1 -1 -1 -1 -1 -1 82 82 -1 -1 -1 -1 -1 -1 -1 -1 -1 83 -1 -1 -1 -1 -1 81 -1 -1
-1 -1 74 -1 -1 -1 84 -1 -1 -1 -1 -1 -1 -1 -1 -1 85 -1 -1 -1 82 -1 -1 -1 -1 -1 -1 -1 -1 -1 -1 -1 83 -1 -1 -1 -1 81 81 -1
86 -1 -1 87 -1 -1 -1 -1 88 -1 89 89 -1 -1 -1 -1 -1 90 -1 -1 -1 91 -1 -1 -1 92 92 92 92 -1 -1 83 -1 -1 -1 -1 -1 -1 -1 -1
-1 -1 -1 -1 -1 -1 -1 -1 -1 -1 -1 89 -1 -1 93 -1 -1 -1 -1 -1 91 91 -1 -1 -1 -1 -1 -1 -1 -1 -1 -1 83 -1 -1 -1 94 -1 -1 95
-1 -1 -1 96 -1 -1 -1 -1 97 97 -1 -1 -1 -1 -1 -1 -1 -1 -1 -1 -1 -1 -1 98 -1 -1 99 -1 -1 -1 -1 -1 83 -1 94 94 -1 -1 -1 -1
-1 100 -1 -1 -1 -1 -1 -1 -1 -1 -1 -1 -1 -1 -1 -1 -1 -1 101 -1 102 102 -1 -1 -1 -1 -1 -1 103 -1 -1 -1 -1 -1 -1 94 -1 104 -1 -1
100 100 -1 -1 -1 -1 -1 -1 -1 105 -1 -1 -1 106 106 -1 -1 101 -1 -1 -1 -1 -1 -1 -1 -1 -1 -1 103 -1 -1 107 -1 107 -1 -1 104 -1 -1 -1
-1 -1 -1 108 -1 109 -1 110 110 -1 -1 -1 111 -1 -1 106 106 -1 -1 -1 -1 -1 -1 -1 -1 -1 -1 -1 -1 -1 -1 -1 107 -1 107 -1 104 -1 -1 -1
-1 -1 -1 -1 -1 -1 -1 110 -1 -1 -1 -1 -1 -1 -1 -1 -1 112 -1 -1 -1 -1 113 -1 -1 -1 -1 -1 -1 -1 -1 -1 107 107 -1 -1 104 -1 114 -1
-1 -1 -1 -1 -1 -1 -1 -1 -1 -1 -1 -1 -1 -1 -1 -1 -1 -1 -1 -1 -1 -1 -1 113 113 -1 -1 -1 -1 -1 115 -1 -1 -1 -1 116 -1 104 -1 -1
-1 117 -1 -1 118 118 -1 -1 -1 -1 -1 -1 -1 -1 -1 119 -1 -1 -1 -1 -1 -1 -1 -1 -1 -1 -1 120 -1 -1 -1 -1 121 -1 -1 116 -1 -1 -1 122
-1 -1 -1 -1 -1 -1 -1 -1 -1 -1 -1 -1 -1 -1 -1 -1 -1 -1 -1 -1 123 -1 124 -1 -1 125 -1 -1 120 -1 -1 -1 -1 -1 -1 -1 -1 -1 -1 -1
-1 -1 -1 -1 -1 -1 -1 -1 -1 -1 -1 126 -1 127 -1 -1 128 128 128 -1 -1 124 -1 -1 -1 -1 -1 -1 -1 -1 129 129 129 129 -1 -1 130 -1 -1 -1
-1 131 131 -1 -1 -1 -1 -1 -1 -1 -1 -1 126 -1 127 -1 -1 128 128 -1 124 124 -1 132 -1 -1 -1 -1 -1 133 -1 -1 -1 129 -1 134 -1 -1 -1 -1
-1 -1 -1 -1 -1 -1 -1 -1 -1 135 -1 126 -1 127 127 -1 128 -1 -1 -1 -1 -1 -1 132 -1 -1 -1 133 133 -1 136 -1 -1 129 -1 134 -1 -1 -1 -1
-1 -1 137 -1 -1 -1 -1 -1 -1 -1 -1 126 -1 -1 -1 -1 -1 -1 138 -1 -1 -1 -1 -1 -1 -1 -1 -1 -1 133 -1 -1 -1 -1 -1 -1 134 -1 -1 -1
139 -1 -1 -1 -1 -1 -1 140 -1 -1 -1 -1 -1 -1 -1 -1 -1 -1 138 -1 -1 -1 -1 141 -1 -1 -1 -1 -1 -1 -1 142 -1 -1 -1 -1 134 -1 -1 143
139 -1 -1 144 -1 -1 -1 -1 -1 145 -1 -1 -1 -1 -1 -1 -1 -1 -1 -1 146 -1 -1 -1 -1 -1 -1 147 -1 -1 -1 -1 -1 -1 -1 -1 -1 -1 143 143
-1 148 -1 -1 -1 -1 149 149 -1 -1 -1 -1 -1 -1 -1 -1 -1 -1 -1 146 -1 150 -1 -1 -1 -1 -1 -1 -1 -1 -1 -1 -1 -1 151 -1 143 143 143 -1
-1 -1 -1 1 -1 -1 -1 -1 -1 -1 -1 -1 -1 2 -1 -1 -1 -1 -1 -1 -1 -1 -1 -1 -1 -1 3 -1 -1 -1 -1 4 -1 -1 -1 -1 5 -1 -1 -1
-1 6 -1 -1 -1 -1 -1 -1 -1 7 -1 -1 -1 2 -1 -1 -1 -1 8 8 -1 -1 -1 -1 -1 -1 -1 -1 -1 -1 4 -1 -1 -1 9 -1 -1 -1 10 -1
11 -1 -1 -1 -1 -1 -1 -1 -1 -1 -1 12 -1 -1 2 -1 13 -1 -1 -1 -1 -1 -1 -1 -1 -1 -1 -1 -1 -1 4 -1 -1 -1 -1 -1 -1 -1 -1 -1
-1 -1 -1 -1 -1 -1 -1 -1 -1 -1 -1 -1 -1 2 -1 -1 -1 14 -1 -1 -1 15 -1 -1 -1 -1 -1 -1 -1 4 -1 -1 -1 -1 -1 -1 -1 -1 -1 -1
-1 -1 -1 -1 -1 -1 16 -1 -1 -1 -1 17 -1 -1 2 2 -1 -1 -1 -1 18 -1 -1 -1 -1 19 -1 20 -1 4 -1 21 -1 -1 22 -1 -1 -1 -1 -1
-1 23 -1 -1 -1 -1 -1 24 24 -1 -1 17 -1 -1 -1 -1 -1 -1 -1 -1 18 18 -1 25 -1 -1 -1 -1 -1 -1 21 -1 -1 22 -1 26 26 -1 -1 -1
-1 23 -1 27 -1 -1 -1 -1 -1 -1 -1 17 17 17 -1 -1 28 -1 -1 29 -1 18 -1 -1 -1 -1 -1 -1 -1 -1 -1 -1 30 -1 -1 -1 26 26 -1 -1
-1 -1 -1 -1 -1 -1 -1 -1 -1 17 17 -1 -1 -1 -1 28 -1 -1 -1 -1 -1 -1 -1 -1 -1 31 -1 32 -1 -1 -1 -1 -1 -1 33 -1 -1 -1 -1 -1
-1 -1 -1 34 34 -1 -1 35 -1 -1 -1 -1 -1 -1 36 -1 -1 -1 37 -1 38 38 38 -1 -1 -1 -1 32 -1 -1 -1 -1 39 -1 -1 -1 -1 40 -1 -1
-1 -1 34 -1 -1 41 -1 -1 -1 -1 -1 -1 -1 -1 -1 -1 42 -1 -1 -1 38 -1 38 -1 -1 -1 -1 -1 -1 43 43 -1 39 -1 -1 -1 -1 -1 -1 -1
-1 34 34 -1 -1 -1 -1 -1 -1 -1 44 -1 -1 -1 -1 45 -1 -1 46 -1 -1 -1 -1 -1 47 -1 -1 -1 -1 -1 -1 -1 -1 39 39 39 -1 48 -1 -1
34 -1 -1 -1 -1 -1 -1 -1 -1 -1 -1 -1 -1 -1 -1 -1 -1 -1 -1 -1 -1 -1 -1 -1 -1 49 -1 -1 -1 -1 -1 -1 -1 -1 -1 -1 48 -1 -1 50
-1 -1 51 -1 -1 -1 -1 -1 -1 -1 -1 -1 -1 -1 -1 -1 -1 -1 -1 52 -1 53 -1 -1 -1 -1 -1 54 -1 -1 -1 55 55 -1 55 -1 -1 -1 -1 -1
-1 -1 51 -1 -1 -1 -1 -1 -1 -1 -1 -1 -1 -1 -1 -1 -1 52 52 -1 -1 -1 -1 -1 -1 -1 54 -1 -1 55 55 -1 55 55 -1 -1 -1 -1 -1 -1
56 -1 -1 -1 57 -1 -1 -1 -1 -1 -1 58 -1 -1 -1 59 -1 -1 -1 -1 -1 -1 -1 -1 -1 -1 54 -1 -1 -1 -1 55 -1 -1 55 -1 60 -1 -1 -1
-1 -1 -1 -1 -1 -1 61 -1 62 -1 -1 -1 -1 -1 -1 59 59 -1 63 -1 -1 64 64 -1 -1 -1 54 -1 -1 -1 -1 -1 -1 -1 -1 -1 -1 -1 -1 65
-1 -1 -1 -1 -1 -1 -1 -1 -1 -1 66 -1 -1 -1 -1 -1 -1 -1 -1 63 -1 -1 64 -1 67 -1 -1 -1 -1 68 -1 -1 -1 -1 -1 -1 -1 69 -1 -1
-1 -1 70 -1 -1 -1 71 -1 -1 -1 -1 -1 -1 -1 -1 -1 -1 -1 -1 -1 -1 -1 -1 -1 -1 72 -1 -1 -1 -1 -1 -1 -1 -1 73 -1 -1 -1 -1 -1
74 74 -1 -1 -1 -1 71 -1 -1 -1 -1 -1 75 -1 -1 -1 -1 -1 -1 -1 -1 -1 -1 76 -1 -1 -1 -1 -1 -1 -1 -1 -1 -1 -1 -1 -1 -1 -1 -1
74 74 74 -1 -1 -1 71 -1 -1 -1 -1 -1 75 75 75 -1 -1 -1 -1 -1 -1 -1 -1 76 -1 -1 -1 -1 -1 -1 -1 77 -1 -1 78 -1 79 -1 -1 -1
-1 -1 -1 74 -1 -1 -1 -1 -1 -1 -1 -1 -1 -1 -1 75 75 75 -1 -1 -1 -1 -1 -1 76 -1 80 -1 81 -1 -1 -1 -1 -1 78 78 -1 -1 -1 -1
-1 -1 -1 -1 82 -1 -1 -1 -1 83 -1 -1 -1 -1 -1 -1 -1 -1 -1 -1 -1 -1 -1 -1 -1 80 -1 -1 -1 -1 -1 -1 -1 -1 -1 -1 -1 -1 -1 -1
-1 -1 -1 -1 -1 82 -1 -1 -1 -1 -1 84 -1 -1 -1 -1 85 -1 -1 86 86 -1 -1 -1 -1 -1 -1 -1 -1 -1 -1 -1 -1 -1 87 -1 -1 -1 -1 88
-1 -1 -1 -1 -1 -1 -1 -1 89 -1 -1 84 -1 90 -1 -1 85 85 -1 -1 86 -1 -1 -1 -1 -1 -1 -1 -1 -1 -1 91 -1 -1 -1 -1 -1 -1 -1 -1
-1 -1 -1 -1 -1 -1 92 -1 89 -1 -1 84 -1 90 -1 93 -1 85 -1 -1 -1 -1 -1 -1 -1 94 -1 -1 -1 -1 -1 -1 -1 -1 -1 95 -1 -1 -1 -1
-1 -1 -1 -1 96 -1 92 -1 89 -1 -1 -1 -1 -1 -1 -1 -1 -1 -1 97 -1 -1 -1 -1 -1 -1 -1 -1 -1 98 98 -1 99 -1 -1 -1 -1 -1 -1 -1
-1 -1 100 -1 96 -1 -1 -1 -1 -1 101 -1 -1 -1 -1 -1 102 -1 97 97 -1 -1 -1 -1 -1 103 -1 -1 -1 -1 -1 -1 -1 -1 -1 -1 -1 -1 -1 -1
-1 -1 -1 -1 -1 -1 -1 -1 -1 -1 -1 -1 -1 -1 -1 -1 -1 -1 -1 -1 -1 104 -1 -1 -1 -1 105 105 105 -1 106 -1 -1 -1 -1 -1 -1 -1 -1 -1
107 -1 108 -1 -1 -1 -1 109 -1 -1 -1 -1 -1 -1 -1 -1 -1 -1 -1 -1 -1 -1 -1 -1 -1 -1 105 -1 -1 -1 -1 -1 -1 -1 -1 -1 -1 -1 110 110
-1 -1 -1 111 -1 -1 109 -1 -1 -1 -1 -1 -1 -1 -1 -1 -1 112 112 112 112 -1 -1 -1 113 -1 -1 -1 -1 -1 -1 114 -1 115 115 -1 -1 -1 -1 -1
-1 -1 116 -1 -1 117 -1 109 -1 -1 118 -1 -1 -1 119 -1 -1 -1 -1 -1 -1 -1 -1 -1 -1 -1 -1 -1 -1 120 -1 114 -1 115 -1 -1 -1 -1 -1 -1
-1 -1 -1 -1 -1 -1 -1 -1 -1 -1 -1 -1 -1 -1 -1 -1 -1 -1 -1 -1 121 -1 -1 -1 -1 -1 -1 -1 -1 -1 -1 -1 -1 -1 122 -1 -1 -1 -1 123
-1 -1 -1 -1 -1 -1 -1 -1 -1 -1 -1 -1 -1 -1 -1 -1 -1 -1 -1 124 -1 121 -1 -1 125 -1 -1 -1 -1 -1 -1 126 126 -1 -1 -1 127 -1 128 -1
-1 -1 129 -1 -1 -1 130 -1 -1 131 -1 132 132 132 -1 -1 -1 -1 -1 -1 121 -1 133 -1 125 -1 -1 -1 -1 -1 -1 -1 -1 -1 -1 -1 -1 -1 128 -1
134 -1 -1 -1 135 135 -1 -1 136 -1 -1 -1 -1 132 -1 -1 -1 -1 -1 -1 -1 121 -1 133 -1 125 -1 -1 -1 137 -1 -1 -1 -1 138 -1 -1 139 -1 -1
-1 -1 -1 -1 -1 135 -1 -1 136 -1 140 -1 -1 -1 -1 -1 141 -1 -1 -1 121 -1 -1 -1 -1 125 -1 142 -1 137 -1 -1 -1 -1 -1 -1 -1 139 -1 -1
143 -1 -1 -1 -1 -1 -1 144 -1 -1 -1 -1 -1 145 -1 -1 -1 -1 -1 -1 121 -1 146 -1 -1 -1 -1 142 142 -1 -1 147 -1 -1 -1 -1 -1 -1 -1 -1
-1 -1 -1 -1 -1 -1 -1 -1 -1 -1 -1 -1 -1 -1 -1 -1 -1 -1 148 -1 121 -1 -1 149 -1 -1 -1 -1 -1 150 -1 -1 -1 -1 -1 -1 151 -1 152 -1
-1 -1 -1 -1 -1 153 153 -1 -1 -1 -1 -1 -1 -1 -1 -1 -1 -1 148 -1 -1 -1 154 -1 -1 -1 -1 -1 -1 150 150 150 -1 155 -1 -1 -1 -1 -1 -1
-1 -1 -1 -1 -1 -1 -1 -1 -1 -1 -1 -1 -1 156 -1 -1 -1 148 148 -1 -1 -1 -1 -1 -1 -1 -1 -1 -1 150 -1 -1 155 155 155 155 -1 -1 -1 157
-1 -1 1 -1 2 2 -1 -1 -1 -1 -1 -1 -1 3 -1 -1 -1 4 4 4 -1 -1 -1 -1 5 -1 -1 -1 -1 -1 -1 -1 -1 6 -1 -1 -1 -1 -1 -1
-1 -1 -1 2 -1 -1 -1 -1 -1 7 -1 3 3 -1 -1 -1 -1 -1 -1 -1 -1 8 -1 -1 5 -1 -1 9 -1 -1 10 -1 -1 -1 -1 -1 -1 11 -1 -1
12 -1 -1 -1 -1 -1 -1 -1 -1 7 -1 -1 -1 -1 -1 13 -1 -1 -1 -1 -1 -1 -1 -1 5 -1 14 -1 -1 -1 -1 -1 -1 -1 -1 -1 -1 -1 -1 -1
-1 -1 15 -1 -1 -1 16 -1 -1 7 -1 -1 -1 -1 -1 -1 -1 -1 -1 -1 -1 -1 -1 -1 -1 -1 -1 -1 -1 17 -1 -1 18 -1 -1 -1 -1 -1 -1 19
20 20 -1 -1 21 -1 -1 -1 -1 -1 -1 -1 -1 -1 -1 22 -1 -1 -1 -1 -1 23 -1 -1 -1 -1 -1 24 -1 -1 -1 18 18 -1 -1 -1 -1 -1 -1 -1
20 20 -1 -1 -1 25 -1 -1 26 -1 -1 -1 -1 27 -1 -1 -1 -1 28 -1 -1 -1 29 -1 -1 -1 -1 -1 -1 -1 -1 -1 -1 30 30 -1 -1 -1 -1 -1
-1 -1 -1 -1 -1 -1 25 -1 -1 26 26 -1 -1 -1 -1 31 -1 -1 -1 -1 32 32 -1 -1 -1 -1 -1 -1 33 -1 -1 -1 34 -1 -1 -1 -1 35 -1 -1
-1 -1 36 -1 -1 -1 -1 -1 26 26 -1 -1 -1 -1 31 -1 37 -1 -1 -1 -1 -1 -1 -1 -1 -1 -1 -1 -1 -1 -1 -1 -1 -1 -1 -1 -1 -1 -1 -1
-1 -1 -1 -1 -1 -1 -1 -1 26 -1 -1 38 38 -1 31 -1 -1 -1 39 -1 -1 -1 -1 -1 -1 -1 -1 -1 -1 -1 -1 -1 -1 -1 -1 -1 -1 40 40 -1
-1 41 -1 -1 -1 -1 -1 26 26 -1 38 -1 -1 31 -1 -1 -1 39 -1 -1 -1 -1 -1 -1 -1 -1 42 -1 -1 43 -1 -1 -1 -1 40 40 40 -1 -1 -1
44 -1 41 -1 45 -1 -1 -1 -1 -1 -1 -1 -1 -1 31 31 -1 39 -1 -1 -1 46 -1 -1 -1 -1 -1 -1 -1 43 -1 -1 -1 40 40 -1 -1 -1 -1 -1
-1 41 -1 -1 -1 -1 -1 -1 47 -1 -1 -1 48 -1 -1 -1 -1 -1 -1 -1 -1 -1 49 49 49 -1 -1 -1 -1 -1 -1 -1 40 -1 -1 -1 -1 -1 -1 -1
-1 -1 41 -1 -1 -1 -1 -1 47 -1 -1 50 -1 48 -1 -1 51 -1 -1 52 -1 -1 -1 -1 -1 -1 53 -1 -1 -1 -1 -1 -1 -1 54 -1 55 55 -1 56
57 -1 -1 -1 58 -1 -1 -1 -1 -1 50 -1 -1 -1 -1 -1 -1 59 -1 -1 -1 60 -1 53 -1 53 -1 -1 -1 -1 -1 61 -1 54 -1 -1 -1 -1 -1 -1
-1 -1 -1 -1 -1 58 58 -1 62 -1 -1 50 50 -1 -1 -1 -1 -1 -1 -1 60 60 -1 -1 53 53 53 -1 -1 -1 -1 -1 -1 54 54 -1 -1 -1 -1 -1
-1 -1 -1 63 -1 -1 -1 62 -1 64 -1 -1 -1 -1 -1 -1 -1 65 -1 -1 -1 -1 -1 -1 -1 -1 53 -1 66 -1 -1 -1 54 -1 -1 -1 -1 -1 -1 -1
-1 67 -1 -1 63 -1 68 -1 -1 -1 -1 -1 69 -1 -1 -1 -1 -1 -1 -1 -1 -1 -1 -1 -1 -1 53 -1 -1 -1 -1 -1 -1 -1 -1 -1 70 70 -1 -1
67 67 -1 -1 63 -1 68 -1 -1 -1 -1 69 -1 71 -1 -1 -1 -1 -1 -1 72 72 -1 -1 -1 -1 -1 -1 -1 73 -1 -1 -1 -1 74 -1 -1 -1 -1 75
-1 -1 67 -1 -1 -1 -1 -1 -1 -1 -1 69 -1 -1 -1 -1 76 -1 -1 -1 -1 72 -1 -1 -1 -1 -1 -1 -1 -1 -1 -1 -1 -1 74 -1 -1 77 -1 -1
-1 -1 67 -1 78 -1 -1 -1 79 -1 69 -1 80 -1 -1 76 -1 81 81 -1 72 -1 -1 -1 82 -1 -1 -1 -1 83 -1 -1 -1 -1 -1 -1 -1 77 -1 -1
-1 -1 -1 67 -1 -1 -1 -1 -1 -1 -1 -1 -1 -1 -1 -1 76 -1 -1 -1 -1 72 -1 -1 -1 -1 -1 -1 -1 -1 -1 -1 -1 -1 -1 -1 -1 -1 77 -1
84 84 -1 67 -1 85 -1 86 -1 -1 87 -1 88 88 -1 -1 -1 -1 -1 -1 -1 -1 -1 -1 89 -1 90 -1 90 -1 -1 -1 -1 -1 -1 -1 -1 -1 77 -1
-1 84 -1 -1 -1 -1 -1 86 -1 -1 -1 87 -1 -1 -1 -1 -1 -1 -1 -1 -1 -1 91 -1 89 -1 90 90 90 -1 -1 -1 -1 -1 -1 -1 92 -1 -1 -1
-1 -1 -1 -1 -1 -1 -1 -1 -1 -1 -1 -1 93 -1 94 -1 -1 -1 -1 95 -1 -1 -1 -1 -1 -1 -1 -1 -1 -1 -1 -1 96 -1 -1 -1 -1 -1 -1 -1
97 97 97 -1 -1 98 -1 -1 -1 -1 -1 99 -1 -1 -1 94 94 -1 100 -1 -1 -1 101 -1 102 -1 103 -1 104 -1 105 -1 -1 96 -1 -1 -1 -1 -1 -1
97 97 -1 -1 -1 -1 -1 -1 106 -1 -1 -1 -1 -1 -1 -1 -1 -1 -1 107 107 -1 -1 -1 -1 -1 -1 -1 -1 -1 -1 108 -1 -1 -1 -1 -1 -1 -1 -1
-1 -1 -1 109 -1 -1 -1 -1 -1 -1 -1 -1 -1 -1 -1 -1 -1 -1 107 107 -1 -1 -1 110 -1 -1 -1 111 -1 -1 -1 -1 -1 -1 -1 -1 -1 -1 -1 -1
-1 -1 -1 -1 -1 -1 -1 -1 -1 112 112 112 112 -1 113 -1 -1 -1 -1 -1 -1 -1 -1 110 -1 -1 -1 -1 114 -1 -1 115 -1 -1 -1 -1 -1 116 -1 117
-1 -1 -1 -1 -1 -1 118 118 -1 -1 -1 -1 -1 -1 -1 -1 -1 -1 -1 119 -1 -1 -1 -1 -1 -1 -1 120 -1 -1 -1 -1 115 -1 -1 -1 -1 -1 -1 -1
-1 -1 -1 -1 -1 118 -1 -1 -1 -1 121 -1 -1 -1 -1 -1 -1 122 -1 -1 -1 -1 -1 -1 -1 -1 -1 -1 -1 -1 -1 -1 -1 -1 -1 -1 -1 -1 -1 123
-1 -1 -1 124 -1 -1 118 -1 -1 125 -1 -1 -1 -1 126 -1 -1 -1 -1 -1 -1 -1 -1 -1 127 -1 -1 -1 128 -1 129 -1 -1 -1 -1 130 -1 -1 -1 123
131 -1 124 124 -1 -1 -1 -1 125 125 -1 -1 -1 -1 -1 -1 132 -1 -1 -1 -1 -1 -1 -1 -1 133 133 -1 128 -1 -1 -1 -1 -1 -1 -1 -1 -1 123 -1
-1 -1 124 -1 -1 134 -1 135 -1 125 -1 -1 -1 -1 -1 132 132 -1 -1 -1 -1 -1 -1 136 -1 -1 -1 -1 -1 -1 -1 -1 -1 -1 -1 137 -1 -1 -1 123
-1 -1 -1 -1 -1 -1 -1 -1 -1 -1 138 138 -1 -1 -1 132 132 -1 -1 -1 -1 -1 -1 136 -1 -1 -1 -1 139 -1 -1 -1 -1 -1 -1 -1 -1 -1 -1 -1
-1 -1 140 -1 -1 -1 -1 -1 -1 141 -1 -1 -1 142 -1 -1 -1 -1 -1 -1 -1 -1 -1 -1 -1 -1 -1 -1 139 -1 -1 143 -1 -1 -1 -1 -1 -1 -1 -1
-1 140 -1 144 -1 -1 -1 -1 -1 -1 -1 -1 -1 -1 -1 145 145 -1 -1 -1 146 -1 -1 147 -1 -1 148 -1 -1 -1 -1 -1 -1 -1 -1 -1 149 -1 -1 -1
-1 -1 -1 144 -1 -1 150 -1 -1 -1 -1 -1 -1 -1 -1 -1 -1 -1 -1 151 -1 -1 -1 147 -1 -1 -1 -1 -1 -1 -1 -1 -1 -1 -1 -1 -1 -1 -1 -1
-1 -1 144 -1 -1 -1 150 -1 -1 -1 -1 152 152 -1 -1 -1 -1 151 151 -1 -1 153 -1 -1 154 -1 -1 155 -1 -1 -1 -1 -1 -1 -1 -1 -1 -1 -1 -1
-1 -1 -1 -1 -1 156 -1 -1 -1 157 -1 152 -1 152 -1 158 158 -1 -1 -1 -1 -1 -1 159 -1 -1 -1 -1 -1 -1 -1 -1 -1 -1 -1 -1 -1 -1 -1 -1
-1 -1 -1 -1 -1 -1 -1 -1 -1 -1 -1 -1 -1 -1 158 158 -1 -1 -1 -1 -1 -1 159 -1 -1 -1 -1 -1 160 -1 -1 -1 -1 -1 161 -1 162 -1 -1 -1
-1 -1 -1 -1 1 1 -1 -1 -1 -1 -1 -1 -1 2 2 -1 3 -1 -1 4 -1 5 -1 6 -1 -1 7 7 -1 -1 -1 -1 8 -1 9 -1 -1 -1 -1 -1
-1 -1 -1 -1 -1 -1 -1 -1 -1 -1 -1 -1 -1 -1 2 -1 -1 -1 -1 -1 -1 -1 -1 -1 -1 -1 -1 -1 10 -1 8 8 -1 -1 -1 11 -1 12 -1 -1
-1 -1 13 -1 14 14 -1 -1 15 -1 -1 -1 -1 -1 -1 -1 -1 -1 16 -1 -1 -1 -1 -1 -1 -1 -1 -1 -1 -1 8 8 -1 -1 -1 -1 -1 12 12 12
-1 -1 -1 -1 14 14 14 -1 -1 -1 17 -1 -1 -1 -1 18 -1 -1 -1 19 -1 20 -1 21 -1 -1 22 -1 -1 8 -1 -1 -1 -1 23 -1 -1 -1 -1 -1
-1 -1 24 24 -1 -1 -1 14 -1 -1 -1 -1 25 -1 -1 -1 18 18 -1 -1 -1 -1 -1 -1 -1 -1 -1 22 -1 -1 -1 -1 -1 -1 -1 -1 -1 -1 -1 26
-1 -1 -1 -1 -1 -1 -1 -1 -1 25 -1 25 -1 -1 -1 -1 18 18 18 -1 -1 27 -1 -1 -1 -1 -1 -1 -1 -1 -1 -1 -1 28 28 -1 -1 -1 -1 -1
-1 -1 -1 -1 -1 -1 -1 -1 -1 -1 25 25 -1 25 -1 -1 -1 -1 -1 18 -1 27 27 -1 -1 -1 -1 -1 -1 -1 -1 -1 29 -1 28 -1 -1 30 -1 -1
-1 -1 -1 31 -1 -1 -1 -1 -1 25 -1 25 25 -1 -1 -1 -1 32 -1 -1 -1 27 -1 -1 -1 -1 -1 -1 33 -1 -1 -1 29 -1 28 -1 -1 -1 -1 -1
34 -1 -1 -1 -1 35 -1 -1 -1 -1 -1 -1 -1 -1 -1 -1 -1 -1 -1 -1 -1 -1 27 -1 -1 -1 -1 -1 -1 33 -1 -1 -1 -1 -1 -1 -1 -1 -1 36
-1 -1 37 -1 -1 -1 -1 -1 -1 38 -1 -1 -1 -1 -1 -1 -1 -1 -1 39 -1 -1 -1 40 -1 41 -1 -1 -1 -1 -1 -1 -1 -1 -1 -1 -1 42 -1 -1
-1 -1 -1 -1 -1 -1 -1 -1 -1 -1 -1 -1 -1 -1 -1 43 -1 -1 -1 39 -1 -1 -1 40 -1 -1 41 -1 -1 -1 44 -1 -1 -1 45 -1 -1 -1 -1 -1
-1 -1 -1 -1 -1 -1 46 -1 -1 -1 -1 -1 -1 47 -1 43 43 43 -1 39 39 -1 -1 -1 -1 -1 41 -1 -1 -1 -1 -1 -1 -1 -1 -1 -1 -1 -1 -1
48 -1 48 -1 -1 -1 46 -1 -1 -1 -1 49 -1 -1 -1 -1 43 -1 -1 39 -1 -1 -1 -1 50 -1 -1 -1 51 51 -1 -1 -1 -1 51 51 51 -1 -1 -1
48 48 -1 52 -1 -1 -1 -1 -1 -1 -1 -1 -1 -1 -1 43 -1 43 -1 -1 -1 -1 -1 -1 50 -1 51 51 -1 51 -1 53 -1 51 -1 -1 -1 54 -1 -1
-1 -1 -1 52 52 52 -1 -1 -1 -1 -1 -1 -1 -1 -1 -1 43 43 -1 55 -1 -1 -1 -1 50 -1 51 -1 -1 -1 51 -1 -1 51 51 -1 -1 -1 54 -1
-1 -1 -1 -1 -1 -1 -1 -1 -1 56 56 -1 -1 -1 57 -1 -1 -1 -1 -1 58 -1 -1 50 -1 -1 -1 -1 -1 51 -1 51 51 -1 -1 59 -1 -1 -1 60
-1 -1 -1 -1 -1 -1 61 -1 56 56 -1 -1 -1 -1 -1 57 -1 -1 -1 -1 -1 58 -1 -1 -1 -1 -1 -1 -1 -1 51 51 -1 -1 62 -1 -1 -1 -1 -1
-1 -1 -1 -1 -1 61 61 -1 -1 -1 -1 -1 -1 -1 -1 -1 -1 -1 63 -1 -1 58 -1 -1 -1 64 -1 -1 65 -1 -1 51 -1 62 62 -1 -1 -1 66 -1
-1 -1 -1 -1 67 -1 -1 61 -1 -1 -1 68 -1 -1 68 -1 -1 -1 -1 -1 -1 -1 -1 -1 69 -1 -1 -1 65 65 -1 -1 -1 -1 -1 62 62 62 -1 -1
-1 -1 -1 -1 67 67 -1 61 -1 70 -1 68 68 68 -1 68 -1 -1 -1 -1 -1 -1 71 -1 -1 -1 -1 -1 -1 -1 -1 -1 72 72 -1 -1 -1 -1 -1 -1
73 -1 -1 74 -1 -1 -1 -1 -1 -1 -1 68 -1 -1 68 68 68 68 -1 -1 -1 75 -1 -1 -1 -1 -1 -1 -1 -1 -1 -1 -1 -1 -1 76 -1 77 -1 -1
-1 -1 -1 -1 -1 -1 -1 -1 78 -1 -1 -1 -1 -1 -1 -1 -1 -1 -1 -1 75 -1 -1 -1 -1 -1 -1 79 -1 -1 -1 -1 -1 -1 -1 -1 -1 -1 -1 -1
-1 -1 -1 -1 80 -1 -1 -1 -1 -1 -1 -1 -1 -1 81 -1 -1 -1 -1 -1 -1 -1 -1 82 -1 -1 -1 -1 -1 83 -1 84 -1 -1 -1 85 -1 -1 -1 -1
-1 -1 -1 -1 -1 86 86 -1 -1 -1 -1 -1 -1 -1 -1 -1 87 -1 -1 -1 -1 -1 -1 -1 -1 88 -1 -1 -1 -1 -1 -1 -1 -1 -1 85 -1 89 -1 -1
90 -1 -1 91 -1 -1 -1 86 -1 -1 -1 92 -1 -1 -1 93 -1 -1 -1 -1 -1 -1 94 94 -1 -1 -1 -1 -1 -1 -1 -1 95 -1 -1 -1 -1 89 -1 96
-1 -1 -1 -1 -1 -1 -1 -1 97 97 -1 92 -1 -1 93 -1 -1 -1 -1 -1 94 94 94 -1 -1 -1 -1 -1 -1 -1 -1 -1 -1 -1 -1 -1 -1 -1 -1 -1
-1 98 -1 -1 99 -1 -1 -1 -1 -1 -1 -1 -1 100 -1 -1 -1 -1 101 -1 -1 -1 -1 -1 -1 102 -1 -1 103 103 103 -1 -1 -1 -1 -1 -1 -1 104 -1
98 98 98 -1 -1 -1 -1 -1 105 -1 -1 -1 -1 -1 -1 106 -1 -1 -1 -1 107 -1 -1 -1 -1 102 -1 -1 103 -1 -1 -1 -1 108 108 -1 109 -1 104 -1
-1 -1 -1 -1 -1 -1 -1 -1 -1 -1 -1 -1 -1 -1 -1 -1 -1 -1 -1 -1 107 -1 -1 110 -1 -1 -1 -1 -1 103 -1 111 -1 108 -1 -1 -1 -1 -1 -1
-1 -1 -1 -1 -1 112 -1 -1 -1 -1 -1 -1 -1 -1 113 -1 114 -1 -1 -1 -1 -1 -1 -1 -1 -1 -1 -1 -1 -1 111 -1 -1 -1 -1 115 -1 -1 -1 -1
-1 -1 -1 -1 -1 -1 -1 -1 -1 -1 -1 -1 -1 -1 113 113 -1 -1 -1 -1 -1 -1 -1 -1 -1 -1 -1 -1 -1 -1 -1 111 -1 111 -1 -1 -1 -1 116 -1
-1 -1 -1 -1 -1 -1 -1 -1 -1 -1 -1 -1 -1 113 -1 -1 -1 117 -1 -1 -1 -1 -1 -1 -1 -1 -1 -1 -1 -1 -1 111 111 111 -1 -1 -1 -1 -1 -1
-1 -1 -1 -1 118 -1 -1 -1 119 -1 -1 -1 120 -1 -1 -1 -1 -1 117 -1 -1 -1 -1 -1 -1 -1 -1 -1 -1 -1 -1 -1 -1 -1 -1 -1 -1 -1 121 -1
-1 -1 -1 -1 -1 -1 -1 -1 -1 -1 -1 120 -1 -1 -1 -1 -1 -1 -1 -1 -1 -1 -1 -1 -1 -1 -1 -1 122 -1 -1 -1 123 -1 -1 -1 -1 -1 -1 -1
-1 -1 -1 -1 -1 -1 124 -1 -1 -1 -1 -1 -1 125 125 125 -1 -1 126 126 -1 -1 -1 -1 -1 -1 127 -1 -1 -1 -1 -1 -1 -1 -1 128 -1 -1 -1 -1
-1 -1 -1 -1 -1 -1 -1 -1 129 -1 -1 -1 125 125 -1 -1 130 -1 -1 -1 -1 131 -1 -1 -1 -1 -1 -1 -1 -1 -1 -1 -1 -1 -1 -1 -1 132 132 -1
-1 -1 -1 -1 -1 -1 -1 -1 129 -1 -1 -1 -1 -1 125 -1 -1 130 130 -1 -1 131 -1 -1 -1 -1 -1 -1 -1 133 -1 -1 -1 -1 -1 -1 -1 -1 -1 -1
-1 -1 134 -1 -1 -1 135 -1 -1 -1 -1 -1 125 125 -1 -1 130 -1 130 -1 -1 131 -1 -1 -1 136 136 -1 -1 -1 -1 -1 -1 137 -1 -1 -1 -1 138 -1
-1 -1 -1 -1 -1 139 -1 -1 -1 -1 140 -1 -1 -1 -1 -1 130 -1 -1 -1 -1 -1 -1 -1 141 -1 136 136 -1 -1 -1 -1 -1 -1 -1 -1 -1 -1 138 138
-1 -1 142 142 -1 -1 -1 143 -1 -1 140 140 -1 -1 -1 -1 -1 -1 -1 -1 144 -1 -1 -1 -1 -1 136 136 -1 145 -1 146 -1 -1 -1 -1 -1 -1 -1 138
-1 -1 -1 1 -1 -1 -1 -1 -1 -1 -1 -1 2 -1 -1 -1 -1 -1 -1 -1 -1 -1 3 -1 4 4 -1 5 -1 6 -1 -1 -1 -1 -1 -1 7 7 7 -1
-1 -1 -1 -1 -1 -1 -1 -1 -1 -1 -1 2 -1 -1 -1 -1 -1 8 8 8 -1 -1 -1 4 4 -1 -1 -1 -1 -1 -1 -1 9 -1 -1 -1 -1 -1 -1 10
-1 11 -1 -1 -1 -1 -1 -1 -1 -1 -1 -1 -1 -1 -1 -1 -1 8 -1 8 -1 -1 4 4 -1 4 -1 12 -1 -1 -1 13 -1 -1 -1 -1 14 -1 -1 -1
-1 -1 -1 -1 -1 -1 -1 -1 15 -1 -1 -1 -1 16 -1 17 -1 -1 -1 -1 -1 -1 -1 -1 -1 -1 -1 12 -1 -1 -1 -1 -1 -1 18 -1 -1 -1 -1 -1
-1 -1 -1 -1 -1 -1 -1 19 -1 -1 -1 -1 -1 16 -1 -1 -1 -1 -1 -1 -1 -1 -1 -1 -1 -1 -1 12 -1 20 20 -1 -1 -1 -1 -1 -1 -1 -1 21
-1 -1 22 -1 -1 -1 19 -1 -1 23 -1 -1 -1 -1 24 -1 -1 25 25 -1 -1 -1 -1 -1 -1 26 -1 -1 -1 20 -1 27 27 27 27 -1 -1 -1 21 21
-1 -1 -1 -1 -1 -1 -1 -1 -1 -1 -1 -1 -1 -1 -1 -1 -1 -1 -1 -1 -1 28 28 28 -1 -1 -1 -1 -1 -1 -1 -1 -1 -1 -1 -1 -1 -1 -1 21
-1 -1 29 -1 -1 -1 -1 -1 -1 -1 -1 -1 -1 -1 -1 -1 -1 -1 -1 -1 28 28 -1 -1 -1 -1 -1 -1 -1 -1 -1 -1 -1 -1 -1 -1 -1 -1 -1 -1
30 -1 29 -1 -1 -1 -1 -1 31 -1 -1 -1 -1 32 -1 -1 33 33 -1 -1 -1 28 -1 34 34 -1 -1 -1 -1 -1 -1 -1 -1 -1 -1 -1 -1 -1 35 -1
-1 -1 -1 -1 -1 -1 -1 -1 -1 -1 -1 -1 -1 32 -1 33 -1 -1 -1 -1 28 -1 34 -1 34 -1 -1 -1 -1 -1 -1 36 -1 37 -1 -1 -1 -1 -1 -1
-1 38 -1 -1 -1 -1 39 39 -1 -1 -1 -1 40 -1 -1 -1 -1 -1 -1 -1 28 -1 -1 -1 -1 34 -1 -1 41 -1 -1 -1 -1 -1 -1 -1 -1 -1 42 42
-1 -1 -1 -1 -1 39 -1 -1 -1 -1 -1 -1 -1 -1 -1 -1 -1 -1 -1 -1 -1 -1 -1 -1 -1 -1 -1 41 -1 -1 -1 -1 -1 -1 -1 -1 -1 -1 -1 -1
-1 -1 -1 -1 -1 -1 -1 -1 -1 -1 -1 -1 -1 -1 -1 43 43 -1 -1 44 -1 -1 -1 -1 -1 45 -1 -1 -1 -1 -1 -1 -1 -1 46 -1 47 -1 48 -1
-1 -1 -1 -1 -1 -1 -1 -1 49 -1 -1 50 -1 51 -1 -1 43 43 -1 -1 -1 -1 -1 52 -1 -1 -1 -1 53 -1 -1 -1 -1 46 -1 -1 -1 -1 -1 -1
-1 -1 54 54 -1 55 55 -1 49 -1 -1 -1 -1 51 51 51 -1 -1 43 -1 56 56 -1 -1 -1 -1 -1 57 -1 -1 -1 -1 -1 -1 46 46 -1 -1 -1 -1
54 54 -1 -1 -1 -1 -1 -1 -1 58 58 -1 -1 -1 51 -1 -1 -1 -1 -1 -1 -1 59 59 -1 60 -1 -1 -1 -1 -1 -1 -1 -1 -1 -1 61 -1 -1 -1
-1 -1 -1 -1 -1 -1 62 -1 -1 -1 58 58 -1 -1 -1 -1 -1 -1 63 -1 -1 -1 -1 59 -1 -1 -1 -1 -1 -1 64 -1 65 -1 -1 -1 61 -1 66 66
67 -1 -1 -1 -1 -1 62 -1 -1 58 -1 58 -1 -1 -1 -1 -1 -1 63 -1 -1 -1 59 -1 -1 -1 -1 -1 -1 -1 -1 65 65 -1 -1 -1 -1 -1 -1 -1
-1 -1 -1 -1 -1 68 -1 -1 -1 58 -1 58 -1 -1 -1 -1 -1 -1 -1 -1 69 -1 59 -1 -1 -1 70 -1 -1 -1 -1 65 65 -1 -1 71 -1 71 -1 -1
-1 72 -1 -1 -1 -1 -1 -1 -1 58 -1 -1 73 -1 -1 -1 -1 -1 -1 -1 -1 -1 -1 -1 -1 -1 70 -1 -1 -1 -1 -1 -1 -1 -1 71 71 -1 74 74
-1 -1 72 -1 -1 -1 -1 -1 -1 -1 -1 -1 -1 -1 -1 -1 75 -1 -1 -1 76 -1 -1 -1 77 -1 70 -1 -1 -1 -1 -1 -1 78 78 -1 -1 -1 -1 -1
-1 -1 -1 -1 -1 -1 79 -1 -1 -1 -1 -1 -1 -1 80 -1 -1 81 81 -1 -1 -1 77 77 -1 70 -1 -1 82 -1 -1 -1 -1 -1 -1 -1 83 -1 -1 -1
-1 -1 -1 -1 -1 -1 -1 -1 84 84 -1 -1 -1 -1 -1 80 -1 -1 -1 -1 -1 -1 -1 -1 -1 -1 -1 -1 -1 -1 -1 -1 -1 -1 85 -1 -1 -1 -1 86
-1 -1 87 -1 -1 -1 -1 -1 -1 -1 -1 -1 -1 -1 -1 -1 -1 -1 -1 -1 -1 -1 -1 -1 -1 -1 -1 -1 -1 88 88 -1 -1 -1 -1 -1 -1 -1 -1 86
-1 -1 -1 -1 -1 89 -1 -1 90 90 90 90 90 -1 -1 91 -1 -1 -1 92 -1 -1 -1 -1 -1 -1 93 -1 94 -1 -1 -1 -1 95 -1 -1 -1 96 -1 -1
-1 -1 97 -1 -1 -1 -1 90 90 -1 -1 -1 -1 -1 -1 -1 -1 -1 -1 -1 -1 -1 -1 98 -1 -1 -1 -1 -1 -1 -1 -1 -1 -1 -1 99 -1 -1 -1 -1
100 -1 -1 -1 -1 -1 -1 90 -1 -1 -1 -1 -1 -1 -1 101 101 101 -1 -1 -1 -1 -1 -1 98 -1 -1 -1 -1 -1 -1 -1 -1 -1 -1 -1 -1 -1 102 -1
-1 -1 -1 -1 -1 -1 -1 -1 103 -1 -1 -1 104 -1 -1 -1 -1 101 -1 -1 -1 98 -1 98 -1 -1 105 105 105 -1 -1 106 -1 -1 -1 -1 -1 -1 -1 -1
107 107 -1 -1 -1 -1 -1 -1 -1 103 -1 -1 -1 -1 -1 -1 -1 -1 -1 -1 -1 -1 98 98 -1 108 -1 -1 -1 105 -1 -1 106 106 -1 -1 109 -1 -1 -1
-1 -1 -1 110 -1 -1 -1 -1 -1 -1 -1 111 -1 112 112 -1 -1 -1 -1 -1 -1 -1 -1 -1 -1 108 -1 113 -1 -1 -1 -1 -1 -1 114 -1 -1 -1 115 -1
-1 -1 -1 -1 -1 116 -1 -1 117 -1 118 -1 111 -1 -1 112 -1 -1 -1 -1 -1 119 -1 -1 -1 108 -1 113 -1 -1 120 -1 -1 -1 114 -1 -1 -1 115 -1
-1 -1 -1 -1 -1 -1 -1 117 -1 -1 -1 -1 -1 -1 -1 -1 -1 -1 -1 -1 -1 119 -1 -1 108 -1 -1 -1 -1 120 -1 120 -1 -1 -1 -1 -1 115 -1 -1
-1 121 -1 -1 -1 -1 -1 -1 -1 -1 -1 -1 -1 -1 -1 -1 -1 -1 -1 -1 -1 -1 119 -1 -1 -1 -1 -1 -1 -1 120 120 -1 -1 -1 122 -1 -1 -1 -1
-1 -1 -1 123 123 -1 124 -1 -1 -1 -1 125 -1 -1 -1 -1 -1 -1 -1 -1 -1 -1 -1 -1 126 -1 -1 127 -1 -1 -1 -1 -1 -1 122 122 -1 -1 -1 -1
-1 128 128 -1 123 -1 -1 -1 129 -1 -1 -1 -1 -1 -1 -1 -1 -1 -1 130 -1 -1 -1 -1 -1 -1 127 127 -1 -1 -1 -1 -1 -1 -1 -1 122 122 -1 -1
128 -1 128 -1 -1 -1 -1 -1 -1 -1 -1 -1 -1 -1 -1 -1 131 131 -1 -1 -1 132 -1 -1 -1 127 -1 -1 -1 -1 -1 133 -1 134 -1 -1 -1 -1 -1 -1
128 -1 128 -1 135 135 -1 -1 136 -1 137 -1 138 -1 139 -1 -1 -1 -1 -1 140 -1 -1 141 -1 127 -1 -1 -1 -1 -1 -1 -1 -1 -1 -1 -1 142 -1 -1
128 -1 -1 -1 -1 -1 -1 -1 -1 -1 -1 -1 -1 -1 -1 -1 -1 -1 -1 -1 -1 143 -1 -1 -1 127 -1 -1 -1 144 -1 -1 -1 -1 145 145 -1 -1 -1 -1
-1 128 128 -1 146 -1 -1 -1 -1 -1 147 -1 -1 -1 -1 -1 148 -1 -1 -1 -1 -1 143 -1 -1 -1 -1 -1 149 -1 -1 -1 150 -1 -1 -1 -1 -1 -1 -1
-1 -1 -1 -1 -1 -1 -1 -1 -1 -1 -1 -1 -1 -1 -1 -1 -1 -1 -1 -1 -1 -1 -1 -1 -1 -1 -1 -1 -1 -1 -1 -1 -1 -1 -1 -1 151 -1 -1 -1
-1 -1 -1 -1 -1 -1 -1 -1 -1 -1 -1 -1 -1 -1 -1 -1 -1 -1 -1 -1 -1 -1 -1 -1 -1 -1 1 1 -1 -1 -1 -1 -1 -1 -1 2 -1 -1 -1 3
-1 -1 -1 -1 -1 -1 4 4 -1 -1 -1 -1 -1 -1 -1 -1 -1 -1 -1 -1 -1 -1 5 -1 -1 -1 -1 -1 -1 -1 -1 -1 -1 -1 -1 -1 -1 -1 -1 -1
-1 6 -1 -1 -1 -1 -1 4 -1 -1 -1 -1 -1 -1 7 7 -1 -1 -1 -1 8 -1 5 5 -1 -1 -1 -1 -1 -1 -1 -1 9 -1 -1 -1 -1 -1 -1 -1
-1 -1 -1 -1 -1 -1 -1 -1 -1 -1 -1 10 -1 -1 -1 -1 11 11 -1 -1 -1 -1 -1 -1 12 12 -1 -1 -1 -1 -1 -1 -1 13 -1 -1 -1 -1 -1 -1
-1 -1 -1 -1 14 -1 -1 -1 -1 -1 -1 -1 -1 -1 -1 -1 -1 -1 -1 15 -1 -1 -1 -1 -1 -1 -1 -1 16 -1 17 -1 -1 -1 -1 -1 18 -1 19 -1
-1 -1 20 -1 -1 -1 -1 -1 -1 21 -1 -1 -1 -1 -1 -1 -1 -1 -1 15 -1 22 -1 23 -1 24 -1 -1 -1 -1 -1 -1 -1 -1 25 -1 -1 -1 -1 -1
26 26 -1 -1 27 -1 28 -1 -1 21 -1 -1 -1 29 29 -1 -1 30 -1 15 -1 22 -1 -1 -1 24 24 -1 -1 -1 -1 31 -1 -1 -1 -1 -1 -1 -1 -1
26 -1 -1 -1 -1 -1 -1 32 -1 -1 33 -1 -1 -1 29 -1 30 -1 -1 -1 -1 22 -1 -1 24 -1 -1 -1 -1 -1 -1 -1 -1 34 -1 -1 -1 -1 -1 -1
26 -1 35 -1 -1 32 32 32 -1 -1 -1 -1 -1 -1 -1 -1 30 -1 -1 36 36 -1 -1 -1 24 -1 -1 -1 -1 37 37 -1 -1 -1 -1 38 38 -1 -1 -1
-1 -1 -1 -1 -1 -1 -1 -1 -1 -1 39 -1 40 -1 41 -1 30 -1 -1 -1 -1 -1 -1 -1 -1 -1 -1 -1 -1 -1 37 37 37 -1 -1 -1 -1 -1 42 -1
-1 -1 -1 -1 -1 43 -1 -1 44 44 -1 -1 40 -1 -1 -1 -1 -1 -1 -1 -1 45 -1 -1 -1 -1 -1 -1 -1 46 -1 -1 -1 -1 -1 -1 -1 -1 -1 -1
-1 47 -1 -1 -1 -1 48 -1 -1 44 -1 -1 -1 -1 -1 -1 -1 -1 -1 -1 -1 -1 -1 -1 -1 -1 -1 -1 -1 -1 -1 -1 -1 -1 -1 49 -1 -1 50 -1
-1 -1 -1 51 -1 52 -1 -1 53 -1 -1 -1 -1 54 -1 -1 55 -1 56 56 -1 -1 -1 -1 -1 -1 -1 -1 -1 -1 57 -1 -1 58 -1 -1 -1 59 -1 50
-1 -1 -1 -1 -1 -1 -1 -1 -1 -1 -1 54 -1 54 -1 -1 -1 56 -1 -1 -1 -1 -1 -1 -1 -1 -1 -1 60 -1 -1 -1 58 58 -1 -1 -1 59 -1 -1
-1 61 -1 62 62 62 -1 -1 -1 -1 -1 -1 54 54 -1 -1 -1 56 -1 -1 -1 -1 63 -1 -1 -1 -1 -1 -1 60 -1 -1 -1 -1 58 -1 -1 -1 -1 -1
-1 61 -1 62 62 -1 -1 -1 -1 64 -1 -1 54 -1 65 -1 -1 -1 66 -1 -1 63 -1 -1 67 -1 -1 -1 -1 -1 68 -1 -1 58 58 -1 -1 -1 -1 -1
-1 61 -1 -1 -1 62 -1 69 -1 -1 -1 -1 -1 -1 65 65 -1 -1 -1 -1 -1 -1 -1 -1 -1 -1 70 70 70 -1 68 -1 -1 -1 -1 58 -1 -1 -1 -1
-1 61 -1 -1 -1 -1 69 -1 -1 71 71 -1 -1 65 -1 65 -1 -1 -1 -1 -1 -1 -1 -1 70 70 -1 -1 -1 -1 -1 -1 -1 -1 -1 -1 -1 72 -1 73
-1 -1 61 -1 74 74 -1 -1 75 -1 -1 -1 -1 -1 -1 -1 65 65 -1 -1 -1 -1 -1 -1 -1 -1 -1 -1 -1 -1 -1 -1 76 -1 -1 77 -1 -1 -1 -1
-1 -1 -1 -1 -1 -1 78 -1 -1 -1 -1 -1 79 79 -1 -1 -1 -1 -1 -1 -1 80 -1 -1 -1 -1 -1 -1 -1 81 81 -1 -1 -1 -1 -1 -1 -1 -1 -1
-1 82 -1 -1 -1 78 78 -1 83 -1 -1 -1 79 -1 -1 -1 -1 84 84 -1 -1 -1 -1 85 -1 -1 -1 86 -1 81 81 -1 87 -1 -1 -1 -1 -1 -1 -1
-1 -1 88 -1 -1 -1 -1 -1 -1 -1 -1 -1 -1 -1 -1 89 -1 -1 -1 -1 -1 -1 -1 -1 90 -1 -1 -1 -1 81 -1 -1 -1 -1 -1 -1 91 91 -1 -1
92 -1 -1 -1 93 -1 -1 94 -1 -1 -1 -1 95 -1 -1 -1 -1 -1 -1 -1 -1 -1 -1 96 -1 -1 -1 97 -1 -1 -1 -1 -1 98 -1 -1 -1 -1 91 -1
-1 -1 -1 93 -1 -1 -1 94 -1 99 -1 -1 -1 100 -1 100 -1 -1 -1 -1 -1 -1 -1 -1 -1 -1 -1 -1 -1 101 -1 -1 -1 98 -1 -1 -1 -1 -1 -1
-1 -1 102 -1 -1 -1 -1 -1 -1 99 -1 103 103 -1 100 100 -1 -1 -1 -1 104 -1 -1 -1 -1 -1 -1 -1 -1 101 -1 105 -1 -1 -1 -1 -1 -1 -1 -1
106 -1 -1 -1 -1 -1 -1 -1 99 -1 -1 -1 -1 -1 -1 -1 -1 -1 -1 -1 -1 -1 -1 -1 -1 -1 107 -1 -1 101 -1 -1 -1 -1 -1 -1 -1 -1 -1 108
-1 -1 109 -1 110 -1 -1 -1 -1 -1 -1 -1 -1 -1 -1 -1 -1 111 -1 -1 -1 -1 -1 -1 -1 -1 -1 107 -1 -1 -1 -1 -1 -1 -1 -1 -1 108 108 108
-1 -1 -1 -1 110 -1 -1 112 -1 -1 113 -1 -1 114 -1 115 -1 -1 -1 116 -1 -1 -1 -1 -1 -1 -1 -1 117 -1 -1 -1 -1 -1 -1 -1 -1 108 -1 -1
-1 118 -1 -1 -1 110 -1 -1 112 -1 -1 113 -1 114 -1 115 115 -1 119 -1 -1 -1 120 120 -1 -1 -1 -1 -1 117 -1 121 -1 -1 -1 -1 -1 -1 108 -1
-1 -1 -1 -1 -1 -1 112 112 -1 -1 -1 -1 -1 -1 115 -1 -1 -1 -1 -1 -1 -1 120 -1 -1 -1 -1 -1 -1 117 -1 -1 -1 -1 -1 -1 108 108 -1 122
123 -1 -1 124 -1 -1 112 112 -1 -1 -1 125 -1 -1 -1 115 -1 -1 -1 126 -1 -1 120 120 -1 -1 -1 -1 -1 117 -1 127 -1 128 -1 -1 -1 108 108 -1
-1 129 -1 -1 -1 -1 -1 112 -1 -1 -1 -1 115 115 115 115 115 115 -1 -1 -1 -1 -1 -1 -1 130 -1 -1 -1 -1 -1 -1 -1 -1 -1 108 108 -1 -1 -1
-1 129 -1 -1 131 -1 -1 -1 112 -1 -1 -1 -1 115 -1 -1 115 115 115 115 115 -1 -1 -1 -1 -1 130 -1 132 -1 -1 -1 -1 133 133 -1 -1 -1 -1 134
129 129 -1 -1 -1 135 -1 -1 -1 -1 -1 136 -1 -1 -1 -1 -1 -1 -1 -1 -1 -1 -1 -1 -1 -1 130 -1 -1 -1 -1 137 -1 133 -1 -1 -1 -1 -1 -1
-1 -1 -1 -1 -1 135 -1 -1 -1 138 -1 -1 -1 -1 -1 139 -1 140 -1 141 141 -1 -1 -1 -1 -1 -1 130 -1 -1 -1 -1 137 -1 -1 -1 -1 -1 -1 -1
-1 -1 -1 -1 -1 135 -1 142 -1 -1 -1 -1 -1 -1 139 -1 140 -1 141 -1 -1 143 -1 -1 -1 -1 -1 -1 -1 -1 -1 -1 -1 -1 -1 -1 -1 144 -1 -1
-1 -1 -1 -1 -1 -1 -1 -1 -1 -1 145 145 145 -1 -1 139 -1 -1 -1 141 -1 -1 -1 -1 -1 -1 146 146 -1 -1 -1 147 -1 -1 -1 -1 -1 -1 -1 148
-1 149 -1 -1 -1 -1 -1 -1 -1 145 145 -1 -1 -1 -1 -1 -1 -1 -1 -1 -1 -1 -1 -1 -1 -1 -1 -1 150 -1 -1 147 -1 -1 151 -1 -1 -1 148 -1
152 -1 149 -1 -1 -1 153 -1 -1 -1 145 -1 -1 -1 -1 154 -1 -1 -1 -1 155 155 -1 -1 -1 -1 -1 -1 -1 150 -1 -1 -1 -1 -1 -1 -1 156 -1 -1
-1 -1 149 -1 -1 -1 -1 -1 -1 145 -1 -1 -1 157 -1 -1 -1 -1 -1 -1 -1 155 -1 -1 -1 -1 -1 -1 -1 -1 -1 -1 -1 -1 -1 158 -1 -1 159 -1
-1 -1 -1 -1 -1 -1 -1 1 -1 -1 -1 -1 -1 -1 -1 -1 -1 -1 -1 -1 -1 -1 -1 -1 -1 -1 -1 2 -1 -1 -1 -1 -1 -1 -1 -1 -1 -1 -1 -1
-1 3 -1 -1 -1 -1 1 -1 -1 -1 4 -1 -1 -1 5 -1 -1 -1 -1 -1 -1 -1 -1 -1 6 -1 -1 2 -1 -1 -1 -1 -1 -1 7 -1 -1 -1 8 -1
-1 -1 -1 -1 9 9 -1 -1 10 -1 -1 4 -1 -1 -1 -1 -1 11 -1 -1 12 -1 -1 -1 -1 -1 -1 -1 -1 -1 -1 -1 -1 7 7 -1 -1 -1 -1 -1
-1 13 -1 -1 -1 -1 -1 -1 -1 -1 -1 -1 -1 -1 -1 -1 -1 -1 14 -1 -1 -1 -1 -1 -1 -1 15 -1 16 -1 -1 17 -1 -1 -1 -1 18 18 -1 -1
-1 -1 -1 -1 -1 -1 -1 -1 -1 -1 -1 19 -1 -1 20 -1 -1 -1 -1 -1 -1 -1 -1 -1 21 -1 -1 -1 -1 -1 -1 -1 17 -1 22 22 -1 -1 -1 -1
-1 -1 23 -1 -1 -1 -1 -1 -1 -1 -1 -1 -1 -1 -1 -1 -1 -1 -1 -1 24 -1 -1 -1 -1 25 -1 26 26 -1 -1 -1 -1 -1 22 22 -1 -1 27 -1
-1 -1 -1 23 -1 -1 -1 28 -1 -1 -1 -1 -1 -1 -1 -1 -1 -1 -1 -1 -1 24 -1 -1 -1 -1 -1 26 -1 -1 -1 29 -1 -1 -1 -1 -1 -1 -1 -1
30 -1 -1 -1 31 -1 -1 28 -1 -1 -1 -1 32 32 -1 33 -1 -1 -1 -1 -1 24 -1 -1 -1 26 26 -1 -1 -1 -1 -1 34 -1 -1 -1 -1 -1 -1 -1
30 -1 -1 35 -1 -1 -1 -1 -1 -1 -1 -1 -1 -1 -1 33 -1 -1 -1 -1 -1 -1 -1 -1 -1 -1 -1 -1 -1 -1 36 -1 -1 -1 -1 -1 -1 -1 37 37
-1 -1 -1 -1 -1 38 -1 -1 -1 -1 -1 39 39 39 -1 -1 -1 -1 -1 -1 -1 40 -1 -1 -1 41 -1 -1 -1 -1 -1 -1 -1 -1 -1 -1 -1 -1 -1 -1
-1 -1 -1 -1 42 -1 -1 -1 -1 -1 43 -1 -1 -1 -1 -1 -1 44 -1 -1 -1 -1 40 -1 -1 -1 -1 -1 -1 -1 45 45 -1 -1 -1 -1 46 -1 -1 -1
47 -1 -1 -1 -1 48 -1 49 -1 -1 -1 -1 50 -1 -1 44 44 -1 -1 51 -1 -1 -1 52 -1 53 53 -1 -1 -1 -1 45 -1 -1 -1 46 -1 -1 -1 -1
-1 47 -1 -1 -1 -1 -1 -1 -1 -1 -1 -1 -1 -1 -1 -1 -1 -1 -1 51 -1 -1 -1 -1 -1 -1 53 -1 -1 -1 54 -1 45 45 -1 -1 -1 -1 -1 -1
-1 -1 -1 -1 -1 -1 55 -1 -1 -1 -1 56 -1 57 -1 -1 -1 58 -1 -1 -1 -1 59 -1 -1 -1 -1 -1 60 -1 -1 -1 -1 45 -1 -1 61 -1 -1 -1
62 -1 -1 -1 -1 55 55 -1 -1 -1 -1 -1 -1 57 -1 -1 63 -1 -1 -1 64 -1 -1 -1 -1 -1 -1 -1 -1 60 -1 -1 65 -1 -1 -1 -1 -1 -1 -1
-1 -1 -1 -1 -1 -1 -1 -1 66 66 -1 -1 -1 -1 63 63 -1 -1 -1 -1 -1 -1 -1 -1 -1 -1 -1 67 -1 -1 -1 65 -1 -1 -1 -1 -1 -1 68 -1
-1 -1 -1 -1 -1 -1 -1 -1 -1 -1 -1 69 69 -1 -1 -1 -1 -1 -1 70 -1 -1 -1 -1 71 71 -1 -1 -1 -1 -1 -1 65 -1 -1 -1 -1 -1 -1 68
72 -1 73 73 73 -1 73 -1 -1 74 -1 -1 69 -1 -1 -1 -1 -1 -1 -1 -1 -1 -1 -1 -1 -1 -1 -1 -1 -1 -1 -1 -1 75 -1 -1 -1 76 -1 -1
72 72 -1 -1 -1 73 73 -1 -1 -1 -1 -1 -1 -1 77 -1 -1 78 -1 -1 -1 79 79 79 -1 -1 -1 -1 -1 -1 80 -1 -1 -1 75 -1 -1 -1 -1 -1
-1 -1 -1 -1 -1 73 -1 81 -1 -1 -1 -1 82 -1 -1 -1 -1 78 -1 -1 -1 -1 -1 79 79 -1 -1 -1 -1 -1 -1 -1 -1 -1 75 -1 -1 83 -1 -1
84 -1 85 -1 -1 -1 -1 81 81 -1 -1 -1 -1 -1 86 -1 -1 -1 78 78 -1 -1 -1 79 -1 -1 -1 -1 -1 87 87 -1 -1 -1 -1 -1 -1 83 -1 88
-1 -1 -1 89 -1 -1 -1 -1 -1 90 -1 -1 -1 -1 -1 -1 -1 -1 -1 -1 -1 -1 -1 -1 -1 -1 91 -1 -1 -1 -1 -1 92 -1 -1 -1 83 -1 -1 -1
-1 -1 89 89 -1 93 -1 -1 -1 90 -1 -1 94 -1 95 -1 -1 -1 -1 96 -1 97 -1 -1 -1 -1 -1 -1 98 98 -1 -1 -1 92 -1 83 83 83 -1 -1
99 -1 -1 -1 -1 93 -1 -1 -1 -1 -1 -1 -1 -1 -1 -1 -1 -1 -1 -1 -1 -1 -1 -1 -1 100 -1 -1 -1 -1 -1 -1 92 -1 -1 83 -1 -1 -1 101
-1 -1 -1 -1 102 -1 -1 -1 -1 -1 -1 103 -1 104 -1 -1 -1 105 -1 -1 -1 -1 -1 -1 -1 -1 -1 -1 106 -1 107 -1 92 -1 -1 -1 -1 -1 108 -1
-1 -1 -1 -1 102 -1 109 -1 110 -1 -1 -1 -1 104 -1 -1 -1 -1 -1 -1 -1 -1 111 -1 -1 -1 -1 -1 -1 -1 -1 -1 -1 112 -1 -1 -1 -1 -1 113
-1 -1 -1 -1 -1 102 -1 -1 -1 110 -1 -1 -1 -1 104 -1 -1 -1 -1 -1 114 -1 -1 -1 -1 -1 -1 -1 -1 -1 -1 -1 -1 -1 -1 -1 -1 -1 -1 -1
115 115 -1 -1 -1 -1 -1 -1 -1 -1 -1 -1 -1 -1 -1 -1 -1 -1 -1 -1 114 -1 -1 -1 -1 -1 -1 -1 116 116 116 116 -1 -1 -1 117 -1 -1 -1 -1
-1 115 115 -1 -1 -1 -1 -1 -1 -1 -1 118 -1 119 -1 -1 -1 -1 120 120 -1 -1 121 121 -1 -1 -1 -1 -1 116 -1 -1 116 -1 -1 -1 -1 -1 -1 122
-1 -1 115 -1 123 -1 -1 -1 -1 -1 -1 -1 119 -1 -1 124 -1 -1 -1 -1 125 -1 -1 -1 -1 -1 -1 -1 -1 -1 -1 -1 -1 126 -1 -1 -1 -1 -1 -1
-1 115 115 -1 123 -1 -1 -1 -1 -1 -1 -1 -1 -1 -1 -1 -1 -1 -1 -1 -1 -1 -1 -1 -1 127 -1 -1 -1 -1 128 -1 129 -1 -1 -1 -1 130 130 -1
-1 -1 115 -1 -1 -1 131 -1 -1 -1 -1 -1 132 -1 -1 -1 -1 -1 -1 -1 -1 -1 -1 -1 127 -1 -1 -1 -1 128 128 -1 129 -1 133 -1 -1 -1 -1 -1
-1 134 -1 -1 -1 -1 -1 -1 -1 135 -1 -1 -1 -1 -1 -1 -1 -1 -1 -1 -1 136 -1 137 -1 -1 -1 -1 -1 -1 128 -1 -1 -1 133 133 133 -1 -1 -1
-1 -1 -1 -1 -1 -1 -1 -1 -1 -1 -1 138 -1 -1 139 -1 -1 -1 -1 -1 -1 136 -1 -1 -1 140 -1 -1 -1 -1 -1 -1 -1 -1 -1 -1 -1 -1 141 -1
-1 -1 142 -1 -1 -1 -1 -1 -1 -1 -1 -1 -1 -1 -1 -1 -1 -1 -1 143 -1 -1 -1 144 -1 -1 -1 145 -1 -1 -1 146 -1 147 -1 -1 -1 -1 -1 141
-1 -1 -1 -1 -1 -1 -1 -1 -1 -1 -1 148 -1 149 -1 -1 150 -1 -1 143 -1 151 -1 -1 152 -1 145 -1 -1 -1 146 -1 -1 -1 153 -1 -1 -1 -1 -1
-1 -1 -1 -1 -1 -1 -1 154 -1 -1 -1 -1 -1 -1 -1 -1 -1 -1 155 -1 -1 -1 151 151 -1 -1 145 -1 -1 156 -1 -1 -1 157 -1 -1 -1 -1 -1 -1
-1 -1 -1 -1 -1 -1 -1 -1 -1 -1 -1 -1 -1 -1 -1 158 -1 -1 -1 -1 -1 -1 151 -1 159 -1 -1 -1 -1 -1 -1 -1 -1 -1 160 -1 -1 161 -1 162
163 -1 -1 -1 164 -1 -1 -1 -1 -1 -1 -1 -1 -1 -1 -1 -1 165 165 -1 166 -1 -1 -1 -1 159 -1 -1 -1 -1 167 167 -1 -1 160 -1 -1 161 -1 -1
-1 -1 -1 164 -1 -1 -1 -1 -1 -1 -1 -1 168 -1 165 165 165 165 -1 -1 -1 -1 -1 -1 -1 -1 -1 -1 -1 -1 -1 -1 -1 -1 -1 -1 161 -1 -1 -1
-1 1 -1 2 -1 -1 -1 -1 -1 -1 -1 3 -1 -1 4 4 -1 -1 -1 -1 -1 -1 -1 -1 -1 -1 5 5 -1 -1 6 -1 7 -1 -1 -1 -1 -1 8 -1
-1 1 -1 2 -1 9 -1 -1 10 -1 -1 -1 11 -1 -1 4 -1 -1 -1 12 -1 13 13 -1 -1 5 -1 -1 -1 -1 -1 7 -1 -1 -1 -1 -1 -1 -1 -1
-1 -1 1 -1 -1 -1 -1 -1 -1 -1 14 -1 11 -1 -1 -1 -1 -1 -1 -1 -1 -1 -1 -1 -1 -1 5 5 5 5 -1 -1 -1 -1 -1 -1 -1 15 -1 -1
-1 1 1 1 -1 -1 -1 -1 -1 -1 -1 11 -1 -1 -1 -1 -1 -1 16 -1 -1 -1 -1 -1 -1 -1 -1 5 -1 -1 -1 17 -1 -1 -1 -1 15 -1 -1 18
-1 1 -1 -1 -1 -1 -1 -1 -1 -1 -1 -1 11 -1 -1 -1 -1 -1 -1 -1 19 19 -1 -1 20 -1 -1 -1 -1 21 -1 -1 -1 -1 -1 22 -1 -1 -1 -1
1 -1 -1 -1 23 -1 -1 -1 -1 -1 24 -1 -1 25 -1 -1 26 -1 -1 -1 -1 -1 27 -1 -1 28 -1 29 -1 -1 -1 -1 30 -1 -1 -1 31 -1 -1 -1
1 -1 -1 -1 -1 -1 -1 32 -1 -1 -1 -1 25 25 -1 -1 26 -1 33 33 -1 -1 -1 -1 -1 28 -1 29 -1 -1 -1 -1 -1 -1 -1 -1 -1 -1 34 -1
-1 35 -1 36 -1 -1 32 -1 -1 -1 -1 25 -1 -1 -1 -1 -1 33 -1 33 33 -1 -1 37 -1 -1 29 29 -1 -1 -1 -1 -1 -1 -1 -1 -1 -1 -1 -1
38 -1 -1 -1 -1 -1 -1 -1 -1 -1 39 -1 -1 -1 -1 -1 -1 -1 -1 -1 -1 33 -1 -1 -1 40 -1 -1 29 29 29 -1 41 -1 -1 -1 -1 -1 -1 -1
-1 -1 -1 42 -1 -1 -1 43 -1 -1 -1 -1 44 -1 -1 -1 -1 -1 -1 -1 33 -1 45 -1 40 -1 46 -1 -1 -1 -1 -1 -1 -1 47 -1 48 -1 -1 -1
-1 49 -1 42 -1 50 -1 -1 -1 -1 -1 51 -1 -1 -1 -1 -1 -1 -1 -1 -1 -1 -1 -1 -1 -1 -1 -1 -1 -1 -1 52 -1 -1 -1 -1 -1 -1 -1 -1
-1 -1 -1 -1 50 -1 -1 53 -1 -1 -1 51 -1 -1 -1 -1 -1 54 -1 -1 -1 55 -1 -1 -1 -1 -1 -1 -1 -1 52 -1 56 -1 -1 -1 -1 -1 -1 -1
-1 -1 -1 -1 -1 -1 -1 53 -1 -1 -1 -1 51 -1 -1 -1 -1 -1 -1 -1 57 -1 -1 58 -1 -1 -1 -1 -1 -1 -1 -1 -1 -1 -1 -1 -1 -1 -1 -1
-1 -1 -1 -1 59 -1 53 53 -1 -1 -1 51 -1 -1 -1 -1 -1 60 -1 -1 57 -1 -1 -1 -1 61 -1 62 -1 -1 -1 -1 -1 63 -1 64 -1 -1 -1 65
-1 -1 -1 -1 -1 -1 -1 -1 -1 -1 -1 -1 -1 -1 -1 66 -1 60 -1 -1 -1 -1 -1 -1 -1 -1 -1 -1 -1 67 -1 -1 -1 -1 -1 -1 64 -1 68 -1
-1 -1 -1 -1 -1 -1 -1 -1 -1 69 -1 -1 -1 -1 -1 -1 60 60 -1 -1 70 -1 -1 -1 -1 -1 -1 -1 -1 -1 -1 -1 -1 -1 -1 -1 -1 -1 -1 -1
71 -1 -1 -1 -1 -1 -1 72 -1 -1 69 -1 -1 -1 73 -1 -1 60 -1 -1 70 70 -1 74 -1 75 -1 -1 -1 -1 -1 76 -1 -1 -1 -1 -1 -1 -1 -1
-1 -1 -1 77 -1 78 -1 -1 -1 -1 -1 -1 -1 -1 -1 -1 60 -1 -1 -1 70 -1 -1 -1 75 75 -1 -1 -1 -1 -1 -1 -1 -1 -1 -1 -1 -1 -1 -1
-1 -1 -1 -1 -1 -1 -1 -1 -1 -1 -1 -1 -1 -1 -1 -1 -1 -1 79 -1 -1 -1 -1 -1 -1 -1 -1 -1 -1 -1 -1 80 -1 -1 -1 -1 81 -1 -1 -1
-1 82 -1 -1 -1 -1 -1 -1 83 -1 84 -1 85 85 -1 -1 86 -1 79 -1 -1 -1 -1 -1 -1 -1 -1 -1 -1 -1 -1 -1 -1 87 -1 -1 -1 -1 -1 -1
-1 -1 -1 -1 -1 88 -1 89 -1 -1 -1 -1 -1 -1 -1 -1 -1 86 -1 -1 -1 -1 -1 -1 90 -1 -1 -1 -1 -1 91 91 -1 -1 -1 -1 -1 -1 -1 92
93 -1 94 -1 -1 88 -1 89 -1 -1 -1 -1 95 -1 -1 -1 -1 -1 -1 -1 -1 96 -1 -1 -1 97 -1 -1 -1 -1 91 -1 -1 -1 98 -1 -1 -1 -1 -1
-1 -1 -1 -1 99 -1 -1 -1 89 -1 -1 100 -1 -1 -1 101 -1 -1 -1 102 -1 -1 96 -1 -1 -1 -1 -1 -1 -1 -1 -1 -1 103 -1 -1 -1 -1 -1 -1
-1 -1 -1 -1 -1 -1 -1 -1 -1 -1 -1 -1 104 -1 -1 -1 -1 105 -1 -1 -1 96 -1 -1 -1 -1 106 -1 -1 -1 -1 -1 -1 103 -1 -1 -1 107 -1 -1
-1 -1 -1 108 -1 -1 -1 -1 109 -1 -1 110 -1 -1 -1 -1 -1 -1 -1 -1 -1 96 -1 111 -1 112 -1 -1 -1 113 -1 -1 -1 -1 -1 114 114 -1 -1 -1
-1 115 -1 -1 -1 -1 109 109 -1 -1 -1 -1 -1 -1 -1 116 -1 -1 -1 -1 -1 -1 -1 -1 -1 -1 -1 -1 -1 -1 -1 117 -1 -1 -1 -1 -1 118 118 -1
-1 -1 -1 -1 -1 119 -1 -1 -1 120 -1 -1 -1 121 121 -1 116 -1 -1 -1 -1 -1 -1 122 -1 -1 -1 -1 -1 123 -1 117 -1 -1 -1 124 124 -1 -1 -1
-1 -1 -1 -1 -1 -1 -1 -1 -1 -1 -1 125 -1 -1 -1 -1 -1 -1 -1 -1 -1 126 -1 -1 -1 -1 127 -1 -1 -1 -1 -1 -1 -1 -1 124 -1 -1 128 128
-1 129 -1 -1 -1 130 130 -1 -1 125 -1 125 -1 131 -1 -1 -1 -1 -1 -1 132 -1 126 126 126 -1 -1 -1 -1 -1 133 133 -1 -1 -1 -1 124 124 -1 -1
-1 129 129 129 -1 -1 -1 -1 -1 125 125 -1 -1 131 -1 134 134 -1 -1 -1 -1 -1 -1 -1 126 -1 -1 -1 -1 -1 -1 -1 -1 -1 -1 -1 -1 124 -1 -1
129 129 -1 -1 129 129 -1 -1 -1 125 125 125 -1 -1 -1 -1 134 -1 -1 135 135 135 -1 -1 -1 -1 -1 -1 136 -1 -1 -1 137 -1 -1 138 -1 -1 124 124
129 -1 -1 -1 129 129 -1 -1 -1 -1 -1 -1 -1 139 -1 -1 -1 140 -1 -1 -1 135 -1 -1 -1 -1 -1 -1 136 -1 141 -1 -1 142 -1 -1 -1 124 -1 -1
-1 129 -1 143 -1 -1 -1 144 144 -1 -1 -1 -1 -1 -1 -1 -1 -1 -1 -1 -1 -1 -1 -1 -1 -1 -1 -1 -1 -1 -1 141 -1 -1 -1 -1 145 -1 -1 -1
129 -1 -1 -1 -1 -1 -1 144 144 -1 146 -1 -1 147 -1 -1 148 -1 149 -1 -1 150 -1 151 -1 152 -1 -1 -1 -1 141 -1 -1 -1 153 -1 -1 -1 -1 -1
-1 -1 -1 -1 -1 -1 -1 144 144 -1 -1 -1 -1 -1 -1 148 148 -1 -1 149 -1 -1 -1 -1 151 -1 -1 -1 -1 -1 -1 -1 -1 -1 153 153 -1 -1 -1 154
-1 155 -1 -1 -1 -1 -1 -1 -1 156 -1 -1 157 -1 148 -1 148 148 -1 -1 -1 -1 -1 -1 -1 -1 -1 -1 158 -1 -1 -1 -1 -1 153 -1 -1 159 -1 -1
160 -1 -1 -1 -1 -1 -1 -1 -1 156 -1 -1 -1 157 -1 148 148 -1 -1 -1 -1 -1 -1 -1 -1 -1 161 -1 -1 -1 -1 -1 -1 -1 -1 -1 162 -1 -1 -1
-1 -1 -1 -1 163 -1 -1 -1 -1 -1 -1 -1 -1 -1 148 148 -1 -1 -1 -1 -1 -1 -1 -1 -1 -1 161 161 -1 -1 164 -1 -1 -1 -1 -1 -1 -1 165 -1
-1 -1 -1 -1 -1 -1 -1 166 -1 -1 -1 -1 -1 -1 148 -1 -1 167 -1 -1 -1 -1 168 168 -1 -1 -1 161 -1 -1 -1 -1 -1 169 169 -1 -1 -1 -1 -1
-1 -1 170 -1 -1 -1 166 166 -1 -1 -1 171 -1 -1 -1 -1 167 -1 -1 172 -1 -1 -1 -1 -1 -1 -1 -1 -1 -1 -1 -1 -1 -1 -1 -1 -1 -1 -1 -1
-1 -1 -1 -1 -1 1 -1 -1 -1 2 -1 3 3 -1 -1 -1 -1 -1 -1 4 -1 -1 -1 -1 -1 -1 -1 5 -1 6 6 -1 -1 7 7 -1 -1 -1 -1 -1
-1 -1 -1 -1 -1 -1 -1 -1 -1 -1 3 -1 -1 -1 -1 -1 -1 -1 -1 -1 -1 -1 -1 8 8 -1 -1 -1 -1 -1 -1 -1 -1 -1 -1 9 9 -1 -1 -1
-1 -1 -1 -1 -1 -1 -1 -1 -1 -1 3 -1 -1 -1 -1 -1 10 10 -1 -1 -1 -1 -1 -1 8 -1 -1 -1 11 11 -1 -1 -1 -1 -1 -1 -1 -1 -1 12
-1 13 -1 -1 14 14 -1 -1 -1 -1 3 -1 -1 -1 -1 -1 10 -1 15 -1 -1 -1 -1 8 -1 16 -1 -1 -1 -1 -1 17 -1 -1 -1 -1 -1 18 -1 -1
-1 13 13 -1 14 -1 14 -1 -1 -1 3 -1 -1 19 19 -1 10 10 -1 -1 -1 -1 -1 -1 8 -1 -1 -1 -1 -1 -1 -1 -1 -1 -1 -1 -1 -1 -1 -1
-1 -1 -1 14 14 14 -1 -1 -1 -1 -1 -1 -1 -1 -1 10 -1 -1 -1 -1 -1 -1 -1 -1 -1 20 -1 21 -1 -1 22 22 -1 -1 -1 -1 -1 -1 -1 -1
-1 23 23 -1 -1 -1 -1 -1 -1 24 -1 -1 -1 -1 25 -1 -1 -1 -1 -1 -1 -1 -1 26 -1 -1 -1 -1 -1 -1 -1 -1 -1 -1 27 -1 -1 -1 -1 28
-1 23 -1 -1 -1 -1 -1 -1 -1 -1 -1 -1 -1 25 25 -1 29 -1 -1 -1 -1 -1 -1 26 -1 -1 -1 -1 -1 -1 -1 30 -1 -1 -1 31 -1 32 -1 -1
-1 -1 -1 33 -1 -1 -1 -1 -1 34 -1 -1 35 -1 25 -1 -1 -1 -1 -1 -1 -1 36 -1 -1 -1 -1 37 -1 -1 -1 -1 -1 -1 -1 -1 -1 -1 32 -1
-1 38 -1 33 -1 -1 -1 -1 34 -1 35 35 35 -1 25 -1 -1 39 -1 -1 -1 -1 -1 40 -1 -1 -1 -1 -1 41 -1 -1 -1 42 -1 -1 -1 32 -1 -1
43 -1 -1 -1 -1 -1 44 -1 -1 34 -1 -1 -1 -1 -1 -1 -1 -1 39 -1 -1 -1 -1 -1 -1 45 45 -1 -1 41 -1 -1 -1 -1 -1 -1 -1 32 -1 46
-1 -1 47 -1 -1 -1 -1 -1 -1 34 -1 -1 -1 48 -1 -1 -1 -1 39 -1 49 -1 -1 -1 45 -1 -1 50 -1 41 41 -1 -1 -1 -1 -1 -1 -1 -1 -1
51 -1 -1 -1 52 -1 53 -1 54 -1 -1 -1 -1 48 -1 -1 -1 -1 39 -1 49 49 -1 -1 -1 -1 -1 -1 50 -1 -1 -1 -1 -1 -1 -1 -1 -1 55 55
51 -1 56 -1 -1 -1 -1 54 -1 57 -1 -1 -1 -1 -1 -1 -1 39 -1 -1 -1 -1 58 -1 59 -1 60 -1 -1 -1 -1 -1 -1 61 -1 62 -1 -1 -1 -1
-1 -1 -1 -1 -1 -1 -1 -1 -1 -1 -1 -1 63 -1 -1 -1 -1 -1 -1 -1 64 -1 -1 -1 -1 -1 -1 -1 -1 65 65 -1 66 -1 -1 -1 -1 -1 -1 -1
-1 -1 -1 -1 -1 67 -1 -1 -1 68 -1 -1 -1 69 -1 -1 70 -1 -1 -1 -1 -1 71 -1 -1 -1 -1 -1 -1 -1 -1 -1 -1 72 72 -1 -1 -1 -1 73
74 74 74 -1 -1 -1 -1 -1 -1 -1 -1 -1 -1 69 -1 -1 -1 -1 -1 -1 75 -1 71 -1 -1 -1 76 -1 -1 77 -1 -1 78 -1 72 -1 -1 -1 -1 -1
74 -1 -1 79 -1 -1 -1 -1 -1 -1 -1 -1 -1 69 -1 -1 80 80 -1 75 -1 -1 -1 -1 -1 -1 -1 -1 -1 -1 -1 -1 78 -1 -1 81 -1 -1 -1 82
-1 -1 83 -1 -1 -1 -1 84 -1 85 -1 -1 86 -1 -1 -1 80 -1 -1 -1 75 -1 87 -1 88 88 -1 -1 -1 89 -1 -1 -1 -1 -1 -1 -1 -1 -1 -1
-1 -1 -1 -1 -1 -1 -1 -1 -1 -1 -1 -1 -1 -1 90 -1 -1 -1 -1 -1 -1 -1 87 -1 -1 -1 -1 89 89 -1 -1 -1 -1 -1 -1 -1 -1 -1 -1 -1
-1 -1 91 -1 -1 -1 -1 -1 -1 -1 -1 -1 -1 -1 -1 90 -1 -1 -1 -1 -1 -1 -1 -1 -1 -1 -1 -1 -1 -1 92 -1 93 -1 94 -1 95 -1 -1 96
-1 -1 -1 -1 97 -1 -1 -1 -1 -1 98 -1 -1 -1 -1 -1 -1 -1 -1 -1 99 -1 -1 -1 100 -1 -1 101 -1 92 -1 -1 -1 -1 -1 -1 -1 -1 -1 -1
-1 -1 -1 -1 -1 -1 102 102 -1 -1 -1 98 -1 -1 -1 -1 -1 103 -1 -1 -1 -1 -1 -1 -1 -1 -1 -1 -1 -1 -1 104 -1 105 -1 -1 -1 -1 106 -1
-1 -1 -1 -1 -1 -1 102 -1 -1 98 98 -1 -1 107 -1 -1 -1 -1 -1 -1 108 -1 -1 -1 -1 -1 -1 -1 -1 -1 -1 -1 -1 -1 -1 -1 109 -1 -1 -1
-1 -1 -1 -1 -1 -1 102 102 -1 -1 98 98 -1 -1 -1 -1 -1 -1 110 -1 -1 -1 -1 -1 -1 -1 -1 -1 111 -1 -1 -1 -1 -1 -1 -1 -1 -1 -1 -1
-1 -1 112 -1 -1 -1 -1 -1 -1 -1 -1 -1 -1 113 -1 -1 -1 -1 -1 -1 -1 114 -1 115 115 -1 -1 -1 -1 -1 -1 -1 -1 -1 116 -1 -1 -1 117 -1
-1 -1 -1 -1 -1 118 -1 -1 -1 -1 -1 119 -1 -1 -1 -1 -1 -1 -1 -1 -1 -1 -1 -1 -1 -1 -1 120 120 -1 121 -1 -1 -1 116 -1 -1 -1 -1 117
-1 -1 122 -1 -1 -1 -1 -1 -1 -1 119 -1 -1 -1 -1 -1 -1 -1 -1 -1 -1 -1 -1 -1 123 -1 -1 -1 -1 121 -1 124 -1 -1 -1 -1 -1 125 -1 -1
-1 -1 -1 -1 -1 -1 -1 -1 126 -1 -1 119 -1 -1 -1 -1 -1 -1 -1 -1 -1 -1 -1 127 -1 -1 -1 -1 128 -1 121 -1 124 -1 -1 -1 -1 -1 -1 -1
-1 129 129 -1 -1 -1 -1 -1 126 126 -1 -1 -1 -1 -1 -1 -1 -1 130 -1 -1 -1 -1 127 -1 -1 -1 128 -1 121 -1 -1 -1 -1 -1 131 -1 -1 -1 132
-1 -1 -1 129 -1 -1 133 -1 -1 -1 -1 -1 -1 -1 -1 -1 134 -1 -1 -1 -1 -1 -1 -1 -1 -1 -1 -1 -1 -1 121 -1 135 -1 136 -1 131 -1 -1 132
-1 -1 -1 -1 -1 -1 -1 -1 -1 -1 -1 -1 -1 -1 134 134 134 -1 -1 137 -1 -1 -1 -1 -1 -1 -1 -1 -1 121 -1 -1 -1 -1 -1 -1 -1 -1 -1 132
-1 138 -1 -1 -1 -1 -1 -1 -1 -1 -1 -1 139 -1 -1 -1 -1 134 -1 -1 137 -1 140 -1 141 -1 -1 -1 -1 -1 -1 -1 142 -1 -1 -1 -1 143 -1 -1
-1 -1 144 -1 -1 145 -1 -1 146 -1 -1 -1 139 -1 147 -1 -1 -1 -1 -1 -1 -1 -1 -1 141 141 -1 -1 148 148 -1 -1 -1 -1 -1 -1 -1 143 -1 -1
-1 149 -1 -1 -1 -1 -1 150 -1 -1 -1 -1 -1 -1 -1 -1 151 -1 152 152 -1 153 -1 -1 141 141 -1 -1 -1 -1 -1 -1 -1 -1 -1 -1 -1 -1 -1 -1
149 -1 -1 -1 -1 -1 -1 -1 -1 -1 154 -1 -1 -1 -1 -1 151 -1 152 -1 -1 -1 -1 -1 -1 -1 -1 -1 -1 155 -1 -1 -1 -1 156 156 -1 -1 -1 -1
-1 -1 -1 157 -1 -1 -1 -1 -1 -1 -1 -1 -1 -1 -1 -1 -1 -1 -1 -1 -1 158 -1 -1 -1 -1 159 -1 -1 -1 -1 160 -1 -1 -1 -1 -1 -1 -1 161
162 162 -1 -1 163 -1 -1 -1 -1 -1 -1 -1 -1 164 -1 -1 165 -1 -1 -1 158 -1 -1 -1 -1 -1 -1 -1 -1 166 -1 -1 -1 167 -1 -1 168 -1 -1 -1
-1 -1 -1 -1 -1 -1 -1 169 -1 -1 -1 -1 -1 164 164 -1 -1 165 -1 -1 -1 -1 -1 -1 170 -1 171 -1 -1 -1 -1 -1 -1 -1 -1 172 -1 -1 -1 173
-1 -1 -1 -1 -1 -1 -1 -1 174 174 -1 -1 -1 -1 -1 -1 165 -1 -1 -1 175 -1 -1 -1 -1 -1 -1 -1 -1 -1 -1 -1 176 176 -1 172 172 -1 -1 -1
-1 -1 -1 -1 1 -1 -1 -1 -1 -1 -1 2 -1 -1 -1 -1 3 -1 3 -1 -1 -1 -1 -1 -1 -1 4 4 -1 -1 5 -1 -1 6 -1 -1 7 7 -1 8
-1 -1 -1 -1 -1 -1 -1 -1 -1 -1 -1 -1 -1 9 9 -1 3 3 -1 -1 -1 -1 -1 -1 -1 -1 -1 -1 10 -1 -1 -1 -1 -1 -1 -1 -1 -1 8 8
-1 -1 -1 -1 11 11 -1 -1 12 -1 -1 13 -1 -1 9 -1 -1 -1 -1 -1 -1 14 -1 -1 -1 -1 -1 -1 -1 -1 -1 -1 -1 -1 -1 -1 15 -1 -1 -1
-1 16 -1 -1 -1 -1 -1 -1 -1 -1 -1 -1 -1 -1 -1 -1 -1 -1 17 -1 -1 -1 18 -1 -1 -1 -1 -1 -1 -1 19 19 19 -1 -1 -1 -1 -1 -1 -1
20 -1 -1 -1 -1 -1 -1 -1 -1 -1 21 -1 -1 -1 -1 -1 -1 -1 -1 17 -1 -1 -1 -1 -1 22 22 -1 23 -1 -1 -1 -1 -1 -1 -1 -1 24 -1 25
-1 -1 -1 26 -1 -1 27 -1 -1 -1 -1 -1 -1 -1 -1 28 -1 -1 -1 -1 29 -1 -1 -1 -1 22 -1 -1 -1 -1 -1 -1 -1 -1 -1 30 -1 -1 -1 25
-1 -1 -1 -1 -1 -1 -1 -1 -1 -1 -1 -1 -1 31 -1 28 -1 -1 -1 32 -1 -1 -1 -1 -1 -1 -1 -1 -1 -1 33 -1 -1 -1 -1 -1 -1 -1 -1 -1
-1 -1 -1 -1 -1 -1 -1 -1 34 -1 -1 -1 31 -1 -1 -1 -1 -1 -1 -1 -1 -1 -1 35 -1 -1 -1 -1 -1 -1 -1 36 -1 -1 -1 -1 -1 37 -1 -1
-1 -1 -1 -1 -1 -1 38 38 -1 -1 -1 39 -1 31 -1 -1 -1 40 -1 41 -1 -1 -1 35 -1 42 -1 -1 -1 43 -1 -1 -1 44 -1 -1 -1 -1 -1 45
-1 -1 -1 46 46 -1 -1 -1 -1 -1 -1 -1 31 -1 -1 -1 40 -1 -1 -1 -1 47 -1 -1 -1 42 -1 48 -1 -1 49 -1 -1 -1 -1 50 -1 -1 -1 -1
-1 -1 -1 -1 -1 -1 -1 -1 -1 -1 -1 -1 -1 -1 51 -1 -1 -1 -1 -1 -1 47 -1 -1 52 -1 -1 -1 -1 -1 -1 -1 -1 -1 -1 50 -1 53 53 -1
-1 -1 54 -1 -1 -1 -1 -1 55 -1 -1 -1 -1 -1 -1 56 -1 -1 57 -1 -1 -1 -1 -1 -1 -1 58 -1 -1 59 59 -1 -1 -1 -1 -1 -1 -1 -1 -1
-1 60 -1 -1 61 -1 -1 -1 -1 -1 -1 -1 62 -1 -1 56 -1 -1 -1 -1 -1 -1 -1 63 63 63 -1 -1 -1 -1 -1 -1 -1 -1 -1 64 -1 -1 -1 -1
60 -1 -1 -1 -1 -1 -1 -1 -1 -1 -1 -1 -1 -1 -1 56 56 56 -1 -1 -1 -1 -1 -1 -1 -1 -1 -1 -1 -1 -1 -1 65 65 -1 -1 -1 -1 66 -1
-1 60 -1 -1 -1 -1 -1 -1 -1 67 -1 68 -1 -1 69 -1 56 -1 -1 -1 -1 -1 70 -1 -1 -1 -1 -1 -1 71 -1 72 -1 65 -1 73 -1 -1 -1 -1
-1 -1 74 -1 -1 75 -1 76 -1 67 -1 -1 -1 69 -1 -1 -1 -1 77 -1 -1 -1 -1 -1 -1 78 -1 -1 -1 -1 -1 72 -1 -1 -1 -1 -1 -1 -1 -1
79 -1 -1 -1 -1 -1 -1 -1 -1 -1 -1 -1 -1 69 -1 -1 -1 80 -1 -1 -1 -1 -1 -1 81 -1 -1 82 -1 -1 -1 -1 -1 -1 -1 -1 -1 -1 -1 -1
-1 -1 -1 83 -1 -1 -1 -1 -1 -1 -1 -1 69 -1 -1 -1 80 80 -1 -1 -1 -1 84 -1 -1 85 -1 -1 -1 86 -1 -1 -1 87 -1 -1 -1 -1 -1 -1
-1 -1 -1 -1 -1 -1 -1 -1 -1 -1 -1 -1 -1 -1 -1 88 -1 -1 -1 -1 -1 -1 -1 -1 -1 -1 -1 -1 -1 -1 -1 -1 -1 -1 -1 -1 -1 -1 -1 -1
-1 -1 -1 -1 -1 89 -1 90 90 -1 -1 -1 -1 91 -1 -1 92 -1 -1 -1 93 -1 -1 -1 -1 -1 -1 94 -1 -1 -1 -1 95 -1 -1 96 -1 -1 -1 97
-1 -1 -1 -1 98 -1 -1 -1 -1 -1 -1 -1 -1 -1 91 -1 -1 -1 -1 -1 -1 -1 -1 -1 -1 -1 -1 -1 -1 -1 99 -1 -1 95 -1 -1 -1 100 -1 -1
-1 101 -1 -1 98 -1 -1 -1 -1 -1 -1 -1 -1 91 91 -1 -1 -1 -1 -1 -1 -1 -1 -1 -1 -1 -1 -1 -1 -1 99 -1 -1 -1 -1 -1 -1 -1 102 -1
-1 -1 -1 -1 -1 -1 103 -1 -1 -1 -1 -1 -1 -1 91 -1 -1 -1 -1 -1 104 -1 -1 -1 105 -1 106 -1 -1 -1 -1 -1 -1 107 -1 108 -1 -1 -1 -1
-1 -1 -1 -1 -1 -1 -1 109 109 -1 -1 110 -1 -1 91 91 -1 -1 -1 -1 -1 111 -1 -1 -1 106 106 -1 -1 -1 -1 112 -1 -1 -1 -1 113 -1 -1 -1
-1 -1 -1 -1 -1 -1 -1 -1 -1 -1 -1 110 -1 -1 -1 -1 -1 114 -1 115 -1 -1 -1 -1 116 -1 -1 106 -1 -1 117 -1 112 112 -1 -1 -1 -1 118 -1
-1 -1 -1 -1 -1 -1 -1 -1 -1 -1 -1 -1 -1 -1 119 119 -1 -1 115 -1 -1 -1 -1 -1 -1 120 -1 -1 -1 -1 -1 -1 112 112 -1 -1 121 -1 -1 -1
122 -1 123 123 -1 124 -1 -1 -1 -1 -1 125 -1 -1 -1 -1 -1 -1 -1 115 -1 -1 -1 -1 -1 -1 -1 -1 -1 -1 -1 -1 -1 -1 -1 -1 -1 -1 -1 -1
122 -1 -1 -1 -1 -1 -1 126 -1 -1 -1 -1 127 -1 128 -1 -1 129 -1 -1 -1 -1 -1 -1 -1 -1 -1 -1 -1 -1 -1 -1 -1 -1 -1 -1 -1 -1 -1 -1
122 -1 130 130 -1 -1 -1 -1 -1 -1 -1 131 -1 -1 -1 -1 -1 -1 -1 -1 -1 -1 -1 -1 -1 132 -1 133 133 -1 134 -1 -1 -1 -1 -1 -1 135 -1 -1
-1 130 -1 -1 136 -1 137 -1 138 138 -1 131 131 -1 -1 -1 -1 -1 -1 -1 -1 -1 -1 139 -1 -1 -1 -1 -1 -1 134 -1 -1 -1 -1 -1 -1 135 -1 -1
140 -1 -1 -1 -1 -1 -1 137 -1 -1 -1 131 -1 -1 -1 -1 -1 -1 -1 141 141 -1 142 -1 -1 -1 -1 143 -1 -1 -1 -1 144 -1 -1 -1 145 -1 -1 -1
-1 -1 -1 -1 146 146 -1 -1 -1 -1 -1 -1 -1 147 -1 -1 -1 148 -1 -1 -1 -1 142 -1 -1 -1 -1 -1 -1 -1 -1 -1 144 -1 -1 -1 145 -1 149 -1
150 150 150 -1 -1 -1 -1 -1 -1 -1 151 -1 -1 -1 -1 -1 -1 -1 -1 -1 -1 -1 -1 -1 -1 -1 -1 -1 -1 -1 -1 -1 -1 -1 -1 -1 -1 -1 -1 149
150 -1 150 150 -1 -1 152 152 152 -1 -1 -1 -1 -1 -1 153 -1 -1 -1 -1 154 -1 155 -1 -1 -1 -1 -1 -1 156 -1 -1 -1 157 -1 158 -1 159 -1 -1
-1 -1 -1 -1 -1 160 -1 152 -1 -1 -1 -1 161 -1 -1 153 153 -1 -1 162 -1 -1 -1 -1 163 -1 -1 -1 164 -1 -1 -1 -1 -1 -1 -1 158 -1 159 -1
-1 -1 165 -1 -1 160 -1 -1 -1 -1 -1 -1 -1 153 -1 153 153 -1 -1 -1 -1 -1 166 -1 -1 -1 -1 -1 -1 -1 -1 167 -1 168 168 -1 -1 -1 -1 -1
-1 -1 165 -1 169 -1 -1 -1 -1 -1 -1 -1 -1 -1 153 153 -1 -1 -1 -1 -1 -1 -1 -1 -1 -1 170 -1 171 -1 -1 -1 167 -1 -1 -1 -1 -1 -1 -1
-1 -1 -1 -1 -1 172 172 172 -1 -1 173 173 -1 -1 153 -1 -1 174 -1 -1 -1 -1 -1 -1 -1 -1 -1 -1 171 -1 -1 -1 -1 -1 -1 175 175 -1 176 -1
-1 -1 -1 -1 -1 -1 -1 -1 -1 177 -1 173 -1 -1 153 -1 -1 174 -1 -1 -1 -1 -1 -1 -1 178 -1 -1 171 -1 -1 -1 -1 -1 -1 -1 -1 -1 -1 -1
179 -1 -1 180 -1 -1 181 -1 -1 -1 -1 -1 -1 153 153 -1 174 -1 -1 -1 -1 -1 182 -1 -1 -1 -1 -1 171 -1 -1 183 -1 -1 -1 -1 -1 184 -1 -1
-1 -1 -1 -1 -1 -1 -1 -1 -1 -1 -1 1 -1 -1 -1 2 -1 2 -1 -1 -1 3 -1 4 -1 -1 -1 -1 5 -1 -1 6 -1 -1 -1 7 -1 8 -1 -1
-1 -1 -1 -1 -1 -1 -1 -1 1 1 1 -1 -1 -1 -1 2 2 -1 -1 -1 -1 -1 -1 -1 9 -1 10 -1 -1 11 -1 -1 -1 -1 7 -1 -1 8 -1 -1
-1 -1 -1 -1 -1 -1 -1 -1 -1 1 -1 -1 -1 12 -1 -1 -1 2 2 -1 -1 -1 -1 13 -1 9 -1 -1 -1 -1 -1 -1 -1 -1 -1 -1 -1 -1 8 -1
-1 14 -1 -1 -1 -1 15 -1 -1 -1 -1 -1 -1 -1 -1 -1 -1 2 2 -1 -1 -1 13 -1 9 -1 -1 16 -1 -1 -1 -1 -1 17 -1 -1 -1 -1 -1 18
-1 -1 -1 19 -1 -1 -1 -1 -1 20 -1 -1 -1 -1 -1 21 -1 -1 -1 -1 -1 -1 -1 -1 -1 -1 -1 -1 -1 22 -1 -1 23 -1 17 -1 -1 -1 -1 18
-1 -1 -1 -1 -1 -1 -1 24 -1 -1 -1 -1 -1 -1 21 21 -1 -1 -1 25 -1 -1 -1 -1 -1 26 -1 -1 -1 -1 -1 -1 -1 -1 -1 -1 -1 -1 -1 -1
-1 -1 -1 -1 27 -1 -1 -1 -1 -1 28 -1 -1 -1 -1 -1 -1 29 -1 -1 -1 -1 30 -1 -1 -1 -1 -1 31 -1 -1 -1 -1 -1 -1 32 -1 -1 33 -1
-1 -1 -1 -1 -1 -1 34 -1 -1 -1 28 -1 -1 35 -1 -1 -1 -1 -1 -1 -1 -1 -1 -1 -1 36 -1 -1 31 -1 -1 -1 -1 -1 -1 -1 -1 -1 -1 -1
-1 -1 -1 -1 -1 -1 -1 -1 -1 -1 -1 -1 -1 -1 -1 -1 -1 -1 37 -1 38 38 38 -1 39 -1 36 -1 -1 -1 -1 -1 -1 40 -1 41 41 -1 -1 -1
-1 -1 -1 42 -1 -1 -1 -1 -1 43 -1 44 44 -1 -1 45 -1 -1 -1 -1 38 -1 -1 -1 39 -1 -1 -1 -1 -1 -1 -1 -1 -1 -1 41 -1 46 46 -1
-1 47 -1 -1 42 -1 -1 48 -1 -1 -1 -1 44 -1 -1 -1 -1 49 -1 50 -1 -1 -1 39 39 -1 -1 -1 -1 -1 -1 -1 -1 -1 -1 41 -1 -1 -1 -1
-1 -1 51 -1 42 -1 48 -1 -1 -1 -1 -1 -1 -1 -1 -1 49 -1 50 -1 -1 52 -1 39 -1 -1 -1 -1 -1 -1 53 -1 -1 -1 -1 -1 -1 -1 54 54
-1 -1 -1 -1 -1 42 -1 -1 -1 -1 -1 -1 -1 -1 55 -1 -1 49 -1 -1 -1 -1 -1 -1 -1 -1 56 -1 -1 -1 -1 53 -1 -1 -1 -1 -1 57 -1 -1
-1 58 -1 42 42 -1 -1 -1 -1 59 -1 -1 60 -1 -1 -1 -1 49 49 -1 61 -1 62 -1 -1 -1 -1 -1 -1 63 -1 -1 -1 64 -1 -1 57 -1 -1 65
-1 -1 -1 -1 -1 -1 -1 66 -1 59 59 -1 -1 -1 -1 67 -1 -1 -1 -1 -1 -1 -1 -1 -1 -1 -1 -1 -1 63 -1 -1 -1 -1 -1 -1 -1 -1 -1 -1
-1 -1 -1 -1 68 -1 -1 66 -1 -1 -1 -1 69 -1 -1 -1 -1 -1 -1 -1 -1 70 -1 -1 71 -1 72 -1 -1 63 63 -1 73 -1 -1 74 -1 75 -1 -1
-1 -1 76 -1 -1 68 -1 -1 66 -1 77 -1 -1 -1 -1 -1 -1 -1 -1 -1 -1 -1 -1 -1 -1 -1 -1 -1 -1 -1 -1 -1 73 -1 -1 -1 -1 -1 75 -1
-1 -1 -1 68 68 -1 -1 -1 66 -1 -1 -1 -1 -1 -1 78 78 78 78 78 -1 -1 -1 -1 -1 -1 -1 -1 79 -1 -1 -1 -1 -1 -1 -1 -1 -1 -1 -1
-1 -1 -1 -1 68 -1 80 -1 -1 -1 -1 -1 -1 -1 -1 78 -1 -1 -1 -1 -1 81 -1 -1 -1 -1 -1 -1 79 -1 -1 -1 -1 -1 82 -1 -1 -1 -1 -1
-1 83 -1 -1 68 -1 -1 -1 -1 -1 -1 84 -1 -1 -1 -1 -1 -1 85 -1 -1 81 -1 -1 -1 -1 79 79 -1 -1 86 -1 -1 -1 -1 -1 -1 -1 -1 -1
-1 83 -1 -1 68 -1 -1 -1 -1 -1 -1 84 -1 -1 -1 -1 -1 -1 -1 -1 87 -1 -1 -1 88 -1 -1 79 -1 -1 -1 -1 -1 -1 -1 89 -1 -1 -1 -1
-1 -1 -1 68 -1 90 -1 -1 91 -1 -1 -1 -1 -1 -1 -1 -1 92 92 -1 -1 -1 93 -1 -1 94 -1 -1 -1 -1 -1 -1 95 95 -1 -1 -1 96 -1 97
98 98 -1 -1 -1 -1 -1 -1 91 -1 -1 -1 -1 -1 -1 -1 -1 92 -1 -1 99 -1 -1 -1 -1 -1 -1 -1 100 -1 -1 -1 -1 95 -1 -1 101 -1 -1 -1
-1 -1 -1 102 -1 103 -1 -1 91 -1 -1 104 -1 -1 -1 -1 92 -1 -1 99 99 -1 -1 -1 105 -1 -1 -1 -1 95 95 95 95 -1 -1 -1 101 -1 -1 -1
-1 106 106 -1 -1 -1 -1 -1 91 -1 -1 104 -1 -1 107 -1 -1 -1 -1 -1 99 99 99 -1 -1 -1 -1 108 108 -1 -1 -1 -1 -1 -1 -1 -1 -1 -1 109
106 -1 -1 -1 -1 -1 -1 91 -1 -1 -1 104 -1 107 -1 -1 -1 99 99 99 -1 -1 -1 -1 -1 108 108 -1 -1 -1 -1 110 -1 -1 -1 -1 111 -1 -1 -1
-1 -1 -1 -1 -1 -1 -1 -1 -1 -1 112 -1 -1 -1 -1 113 -1 -1 -1 99 -1 -1 -1 -1 108 108 108 -1 -1 -1 114 -1 -1 -1 115 -1 -1 111 -1 -1
-1 -1 -1 -1 -1 -1 -1 -1 116 -1 -1 -1 -1 -1 -1 -1 117 -1 -1 -1 -1 118 -1 -1 -1 -1 108 -1 -1 114 -1 119 -1 -1 115 -1 -1 -1 -1 -1
-1 -1 -1 120 -1 -1 -1 -1 -1 -1 -1 121 -1 -1 122 -1 117 117 -1 123 -1 118 -1 -1 -1 -1 -1 -1 -1 -1 114 -1 -1 115 115 -1 -1 -1 124 124
-1 125 -1 120 -1 -1 -1 -1 -1 -1 -1 121 -1 122 -1 -1 117 -1 123 -1 -1 -1 126 126 -1 -1 -1 -1 -1 -1 -1 127 -1 -1 -1 -1 128 -1 -1 -1
-1 -1 -1 -1 -1 129 -1 -1 130 -1 -1 -1 121 -1 -1 -1 -1 -1 -1 -1 -1 -1 -1 126 -1 -1 -1 -1 -1 -1 131 -1 127 -1 -1 -1 -1 -1 -1 -1
-1 -1 -1 132 -1 -1 133 -1 130 130 -1 -1 -1 -1 -1 -1 -1 -1 -1 -1 -1 134 -1 -1 -1 135 135 -1 -1 131 -1 -1 -1 -1 -1 -1 -1 136 -1 -1
137 -1 -1 -1 -1 -1 -1 -1 -1 -1 -1 -1 -1 -1 -1 -1 -1 -1 -1 138 -1 -1 -1 -1 -1 -1 135 -1 139 -1 -1 -1 -1 -1 -1 -1 -1 136 136 -1
-1 -1 -1 -1 -1 -1 -1 -1 140 -1 -1 -1 -1 -1 -1 -1 -1 138 138 -1 -1 -1 -1 -1 -1 -1 135 -1 -1 -1 -1 141 -1 -1 -1 -1 -1 -1 -1 -1
142 -1 -1 -1 -1 -1 143 -1 140 -1 -1 -1 -1 -1 -1 -1 144 -1 -1 138 138 -1 -1 -1 -1 -1 -1 -1 -1 145 -1 -1 -1 -1 -1 146 -1 -1 147 -1
-1 -1 -1 -1 -1 -1 -1 -1 -1 -1 -1 -1 -1 -1 -1 -1 144 -1 -1 -1 -1 -1 148 -1 -1 -1 149 -1 -1 -1 -1 -1 -1 -1 146 -1 -1 -1 -1 -1
-1 -1 -1 -1 -1 150 150 -1 -1 151 -1 152 -1 -1 153 -1 144 -1 -1 -1 -1 -1 -1 -1 -1 154 -1 -1 155 -1 -1 -1 156 -1 -1 -1 -1 157 -1 -1
-1 -1 -1 158 -1 -1 150 150 -1 -1 -1 -1 -1 153 -1 -1 -1 -1 -1 -1 -1 -1 159 -1 154 -1 -1 -1 -1 -1 -1 156 156 -1 -1 -1 -1 157 -1 -1
-1 -1 -1 -1 -1 -1 150 -1 -1 -1 -1 -1 160 -1 153 -1 -1 161 -1 162 -1 -1 -1 -1 -1 -1 163 163 -1 164 164 -1 -1 -1 -1 165 -1 -1 -1 -1
166 -1 -1 -1 -1 -1 -1 -1 167 -1 168 -1 -1 -1 -1 161 161 -1 162 -1 -1 169 -1 170 -1 -1 163 163 -1 164 -1 -1 -1 -1 -1 -1 171 -1 172 172
-1 1 1 -1 -1 -1 2 -1 -1 -1 -1 3 -1 -1 4 -1 -1 -1 -1 -1 -1 -1 5 -1 -1 -1 6 -1 7 -1 -1 -1 8 -1 -1 -1 -1 -1 -1 -1
-1 -1 -1 -1 -1 -1 -1 -1 -1 9 -1 -1 10 -1 -1 -1 -1 -1 11 -1 -1 -1 -1 -1 -1 -1 -1 -1 -1 -1 -1 8 8 -1 -1 -1 -1 -1 -1 -1
12 -1 -1 13 -1 -1 -1 -1 -1 -1 -1 -1 -1 10 -1 -1 -1 -1 -1 -1 -1 -1 -1 14 -1 -1 -1 15 -1 -1 -1 -1 -1 -1 -1 -1 -1 16 -1 -1
-1 -1 -1 -1 -1 17 17 -1 18 18 -1 -1 -1 -1 -1 19 19 -1 -1 20 -1 -1 14 -1 -1 -1 15 -1 -1 -1 -1 -1 -1 -1 -1 -1 -1 -1 -1 -1
-1 -1 -1 -1 -1 -1 -1 17 -1 18 -1 21 -1 -1 -1 19 -1 -1 -1 -1 -1 -1 -1 -1 -1 -1 15 -1 -1 -1 -1 -1 -1 22 -1 -1 23 23 23 -1
-1 24 -1 -1 -1 -1 -1 17 -1 -1 -1 -1 -1 -1 -1 -1 -1 -1 -1 -1 -1 -1 25 -1 -1 15 -1 -1 -1 26 -1 -1 -1 -1 -1 -1 -1 -1 -1 -1
-1 -1 24 24 -1 27 -1 -1 -1 28 -1 -1 -1 29 29 -1 -1 -1 30 30 -1 -1 25 -1 -1 -1 15 -1 -1 -1 26 -1 -1 -1 -1 -1 -1 -1 -1 -1
-1 -1 24 24 -1 -1 -1 -1 -1 -1 -1 -1 -1 -1 29 29 -1 30 -1 -1 -1 -1 -1 -1 -1 -1 -1 -1 -1 -1 26 -1 31 -1 -1 -1 -1 -1 -1 -1
-1 -1 -1 -1 -1 -1 -1 -1 -1 32 -1 -1 -1 -1 -1 -1 -1 -1 30 -1 -1 -1 -1 -1 33 -1 34 -1 -1 35 -1 -1 -1 31 31 -1 -1 -1 -1 -1
-1 -1 -1 36 36 36 -1 -1 -1 -1 -1 -1 37 -1 38 -1 -1 -1 -1 39 -1 -1 -1 -1 -1 -1 -1 -1 -1 -1 -1 -1 -1 -1 31 -1 -1 -1 -1 -1
-1 -1 -1 -1 -1 -1 -1 -1 -1 -1 40 -1 -1 -1 -1 -1 -1 -1 -1 -1 39 -1 -1 -1 -1 -1 -1 -1 41 41 -1 -1 -1 -1 -1 -1 -1 -1 -1 -1
42 -1 -1 43 -1 -1 -1 -1 -1 -1 -1 -1 44 -1 -1 -1 -1 45 -1 -1 -1 -1 46 -1 -1 -1 -1 -1 -1 -1 47 -1 -1 -1 -1 -1 -1 -1 -1 48
-1 -1 -1 -1 -1 -1 -1 -1 -1 -1 -1 44 44 44 -1 -1 -1 -1 -1 -1 -1 -1 -1 46 -1 -1 -1 -1 -1 -1 -1 -1 49 -1 -1 -1 -1 -1 -1 48
-1 -1 -1 -1 -1 50 -1 -1 51 -1 -1 -1 44 -1 -1 -1 -1 52 -1 -1 -1 -1 -1 -1 -1 -1 -1 53 -1 -1 -1 49 -1 54 -1 -1 -1 -1 -1 -1
55 -1 56 -1 -1 -1 -1 51 51 -1 57 -1 44 -1 -1 -1 -1 -1 -1 -1 -1 58 -1 -1 -1 -1 -1 53 -1 59 -1 -1 -1 -1 -1 -1 -1 -1 -1 -1
55 -1 -1 -1 -1 -1 -1 -1 51 -1 57 -1 -1 -1 -1 -1 -1 -1 -1 -1 58 -1 60 60 -1 -1 -1 -1 -1 -1 -1 -1 61 -1 -1 -1 62 62 -1 -1
-1 55 -1 -1 -1 -1 -1 -1 -1 -1 -1 -1 -1 -1 -1 -1 -1 -1 63 -1 -1 58 -1 -1 -1 -1 64 -1 -1 65 -1 66 -1 -1 -1 -1 62 -1 -1 -1
-1 -1 67 67 -1 68 -1 -1 69 -1 70 70 -1 71 -1 -1 -1 -1 63 -1 -1 -1 -1 -1 -1 64 -1 -1 -1 -1 -1 -1 -1 -1 -1 62 -1 -1 -1 -1
-1 67 67 -1 -1 -1 -1 -1 -1 -1 -1 -1 70 -1 -1 -1 -1 -1 -1 -1 -1 -1 -1 64 -1 64 -1 -1 -1 -1 -1 -1 72 -1 -1 -1 62 -1 -1 -1
-1 -1 -1 -1 -1 -1 -1 -1 -1 -1 -1 -1 -1 73 -1 74 -1 -1 -1 -1 -1 -1 64 64 64 -1 75 75 75 -1 -1 -1 -1 76 76 -1 -1 -1 77 -1
78 -1 -1 -1 79 -1 80 -1 -1 -1 -1 -1 81 -1 -1 -1 -1 -1 -1 -1 -1 -1 64 -1 -1 -1 -1 -1 -1 -1 -1 82 -1 -1 -1 -1 83 -1 77 -1
-1 84 -1 -1 -1 -1 -1 -1 -1 -1 -1 -1 -1 -1 -1 85 -1 -1 -1 -1 -1 -1 -1 86 86 -1 87 -1 -1 82 82 82 -1 82 82 -1 -1 -1 -1 88
-1 -1 84 -1 -1 89 -1 -1 -1 -1 -1 -1 -1 -1 -1 -1 -1 -1 -1 -1 -1 90 -1 -1 -1 -1 -1 -1 -1 82 82 -1 82 82 -1 -1 -1 91 -1 -1
-1 -1 84 -1 -1 -1 -1 -1 -1 -1 -1 -1 -1 -1 -1 -1 -1 -1 -1 -1 -1 -1 -1 -1 92 -1 -1 93 -1 82 -1 -1 -1 -1 91 91 91 -1 -1 94
95 -1 -1 84 -1 -1 -1 -1 -1 -1 -1 96 96 96 -1 -1 -1 -1 -1 -1 -1 -1 97 -1 -1 -1 93 93 -1 -1 -1 98 -1 99 -1 -1 -1 91 -1 -1
-1 100 -1 -1 -1 -1 -1 -1 -1 101 -1 -1 -1 -1 -1 102 -1 -1 -1 103 -1 -1 -1 -1 -1 93 -1 -1 -1 -1 -1 -1 -1 -1 -1 91 91 91 -1 -1
-1 -1 -1 -1 -1 -1 -1 104 -1 -1 -1 -1 -1 105 -1 -1 -1 106 -1 -1 -1 -1 107 107 -1 -1 93 93 -1 108 -1 -1 -1 109 -1 -1 91 -1 -1 110
-1 -1 -1 -1 111 -1 -1 -1 -1 -1 -1 -1 -1 105 105 -1 106 -1 -1 112 112 -1 -1 107 -1 93 -1 -1 -1 -1 113 -1 -1 -1 -1 -1 91 -1 -1 -1
-1 -1 -1 -1 -1 -1 -1 -1 114 -1 -1 115 -1 -1 -1 -1 -1 106 -1 -1 112 -1 -1 -1 -1 -1 -1 -1 -1 -1 113 -1 -1 -1 116 -1 91 -1 -1 -1
-1 117 -1 -1 -1 -1 -1 114 -1 -1 -1 -1 -1 -1 -1 -1 -1 -1 -1 -1 112 -1 -1 -1 -1 118 -1 -1 -1 -1 -1 -1 119 -1 -1 -1 -1 120 120 120
121 -1 -1 -1 -1 -1 122 -1 -1 -1 -1 123 -1 -1 -1 -1 -1 -1 -1 112 112 -1 -1 -1 -1 -1 -1 -1 -1 -1 -1 -1 119 -1 -1 -1 -1 120 -1 -1
121 121 -1 -1 -1 -1 -1 -1 -1 123 123 -1 -1 -1 124 124 124 124 -1 112 -1 -1 125 -1 126 -1 -1 -1 -1 -1 -1 -1 -1 127 127 127 -1 -1 -1 -1
121 -1 -1 -1 -1 -1 -1 -1 -1 123 123 -1 -1 -1 124 -1 -1 -1 -1 -1 -1 128 -1 -1 126 -1 -1 -1 -1 -1 -1 -1 -1 127 -1 -1 -1 -1 -1 -1
121 121 -1 -1 129 -1 -1 123 123 -1 -1 -1 -1 -1 -1 130 -1 131 -1 -1 -1 -1 -1 -1 126 -1 -1 132 -1 -1 -1 -1 -1 -1 -1 -1 -1 -1 133 -1
-1 -1 -1 -1 -1 -1 -1 -1 -1 -1 -1 -1 134 -1 135 -1 -1 131 131 131 -1 -1 -1 -1 -1 -1 -1 -1 -1 136 -1 -1 137 137 -1 -1 -1 -1 133 -1
-1 138 -1 -1 -1 -1 -1 -1 -1 139 -1 -1 134 -1 -1 -1 131 -1 -1 -1 -1 -1 140 -1 -1 141 -1 -1 -1 -1 142 -1 -1 -1 143 -1 144 -1 -1 -1
-1 138 -1 -1 -1 -1 -1 145 -1 -1 -1 -1 -1 -1 -1 -1 -1 -1 -1 -1 -1 -1 -1 -1 -1 -1 -1 -1 -1 -1 -1 -1 146 146 -1 -1 -1 -1 -1 -1
-1 138 138 -1 -1 -1 -1 -1 -1 -1 -1 -1 147 -1 148 -1 -1 -1 -1 -1 -1 -1 -1 -1 -1 -1 -1 -1 -1 149 -1 -1 -1 -1 -1 -1 -1 -1 150 -1
138 138 -1 -1 -1 -1 -1 -1 -1 151 -1 -1 -1 -1 148 -1 -1 -1 152 152 152 -1 -1 -1 -1 -1 -1 -1 -1 -1 -1 153 -1 -1 -1 -1 -1 -1 -1 -1
138 138 -1 -1 -1 -1 -1 154 -1 151 -1 155 -1 -1 -1 -1 152 152 -1 -1 -1 156 -1 -1 -1 -1 -1 -1 157 -1 -1 -1 -1 -1 -1 -1 -1 158 -1 -1
