0.01 2.17 0.00
0.02 3.00 0.00
0.03 3.50 0.00
0.04 4.14 0.00
0.05 4.75 0.00
0.06 5.33 0.00
0.07 5.96 0.00
0.08 6.63 0.00
0.09 7.22 0.00
0.10 7.89 0.00
0.11 8.70 0.00
0.12 9.47 0.00
0.13 10.43 0.00
0.14 11.63 0.00
0.15 12.27 0.00
0.16 13.31 0.00
0.17 14.61 0.00
0.18 15.89 0.00
0.19 17.58 0.00
0.20 18.66 0.00
0.21 20.93 0.00
0.22 22.61 0.00
0.23 24.60 0.00
0.24 26.98 0.00
0.25 30.00 0.00
0.26 32.23 0.00
0.27 35.44 0.00
0.28 40.04 0.00
0.29 44.23 0.00
0.30 48.70 0.00
0.31 56.37 0.00
0.32 61.62 0.00
0.33 69.57 0.00
0.34 79.08 0.00
0.35 89.35 0.00
0.36 103.70 0.00
0.37 119.78 0.00
0.38 140.88 0.00
0.39 165.03 0.00
0.40 198.50 0.00
0.41 247.09 0.00
0.42 295.60 0.00
0.43 386.60 0.00
0.44 495.41 0.00
0.45 640.95 0.00
0.46 961.80 0.00
0.47 1330.20 0.00
0.48 1962.73 0.00
0.49 3300.93 0.00
0.50 5112.97 0.00
0.51 6855.06 0.00
0.52 8868.90 0.00
0.53 10075.74 0.00
0.54 10859.97 0.00
0.55 11459.27 0.00
0.56 11903.56 0.01
0.57 12262.48 0.01
0.58 12617.08 0.01
0.59 12945.32 0.01
0.60 13216.84 0.01
0.61 13489.01 0.01
0.62 13777.94 0.01
0.63 14024.59 0.01
0.64 14269.24 0.02
0.65 14524.93 0.02
0.66 14768.22 0.02
0.67 15007.14 0.03
0.68 15263.58 0.03
0.69 15474.68 0.04
0.70 15711.75 0.04
0.71 15947.94 0.05
0.72 16172.74 0.07
0.73 16409.94 0.08
0.74 16627.15 0.09
0.75 16872.22 0.11
0.76 17087.04 0.14
0.77 17308.53 0.18
0.78 17548.63 0.22
0.79 17761.24 0.25
0.80 18006.01 0.32
0.81 18217.62 0.38
0.82 18438.46 0.45
0.83 18675.38 0.52
0.84 18897.06 0.56
0.85 19120.49 0.64
0.86 19355.13 0.74
0.87 19579.97 0.80
0.88 19792.47 0.81
0.89 20032.83 0.86
0.90 20248.13 0.91
0.91 20474.44 0.93
0.92 20699.17 0.95
0.93 20925.58 0.97
0.94 21152.35 0.98
0.95 21380.43 0.97
0.96 21597.26 0.99
0.97 21825.88 0.99
0.98 22053.47 1.00
