0.01 1.55 0.00
0.02 2.13 0.00
0.03 2.48 0.00
0.04 3.00 0.00
0.05 3.36 0.00
0.06 3.68 0.00
0.07 4.32 0.00
0.08 4.67 0.00
0.09 5.30 0.00
0.10 5.68 0.00
0.11 6.34 0.00
0.12 6.76 0.00
0.13 7.28 0.00
0.14 7.86 0.00
0.15 8.56 0.00
0.16 9.34 0.00
0.17 10.14 0.00
0.18 11.02 0.00
0.19 11.34 0.00
0.20 12.80 0.00
0.21 14.51 0.00
0.22 14.78 0.00
0.23 16.87 0.00
0.24 17.39 0.00
0.25 18.98 0.00
0.26 21.35 0.00
0.27 23.51 0.00
0.28 24.88 0.00
0.29 28.52 0.00
0.30 31.67 0.00
0.31 33.68 0.00
0.32 38.20 0.00
0.33 41.83 0.00
0.34 45.90 0.00
0.35 52.51 0.00
0.36 59.95 0.00
0.37 69.08 0.00
0.38 75.56 0.00
0.39 89.70 0.00
0.40 101.93 0.00
0.41 119.30 0.00
0.42 141.00 0.00
0.43 165.26 0.00
0.44 200.91 0.00
0.45 239.87 0.00
0.46 284.11 0.00
0.47 358.87 0.00
0.48 432.69 0.01
0.49 492.56 0.01
0.50 633.15 0.01
0.51 755.48 0.02
0.52 869.90 0.02
0.53 982.95 0.02
0.54 1095.84 0.03
0.55 1165.72 0.03
0.56 1255.97 0.03
0.57 1304.27 0.04
0.58 1359.46 0.04
0.59 1399.15 0.05
0.60 1441.24 0.06
0.61 1478.96 0.07
0.62 1512.20 0.08
0.63 1546.97 0.09
0.64 1578.36 0.10
0.65 1606.06 0.12
0.66 1635.16 0.13
0.67 1662.96 0.15
0.68 1688.22 0.18
0.69 1717.27 0.20
0.70 1743.37 0.23
0.71 1768.80 0.27
0.72 1791.99 0.30
0.73 1819.54 0.36
0.74 1845.69 0.39
0.75 1873.34 0.45
0.76 1898.23 0.50
0.77 1922.50 0.56
0.78 1949.42 0.60
0.79 1974.13 0.63
0.80 2000.12 0.68
0.81 2024.99 0.74
0.82 2050.68 0.80
0.83 2074.63 0.79
0.84 2102.59 0.82
0.85 2124.37 0.88
0.86 2150.30 0.90
0.87 2173.16 0.90
0.88 2199.06 0.93
0.89 2226.70 0.95
0.90 2248.51 0.97
0.91 2275.68 0.97
0.92 2299.75 0.99
0.93 2325.01 0.99
0.94 2350.31 0.99
0.95 2374.59 0.99
0.96 2400.66 1.00
0.97 2425.11 1.00
0.98 2449.86 1.00
0.20 12.35 0.00
