0.01 2.06 0.00
0.02 2.58 0.00
0.03 3.27 0.00
0.04 3.85 0.00
0.05 4.22 0.00
0.06 4.82 0.00
0.07 5.37 0.00
0.08 5.75 0.00
0.09 6.51 0.00
0.10 7.00 0.00
0.11 7.63 0.00
0.12 8.41 0.00
0.13 9.20 0.00
0.14 9.98 0.00
0.15 11.01 0.00
0.16 11.92 0.00
0.17 12.81 0.00
0.18 14.13 0.00
0.19 15.15 0.00
0.20 16.36 0.00
0.21 17.98 0.00
0.22 19.83 0.00
0.23 21.40 0.00
0.24 23.41 0.00
0.25 25.22 0.00
0.26 27.80 0.00
0.27 31.15 0.00
0.28 34.64 0.00
0.29 37.38 0.00
0.30 41.90 0.00
0.31 48.95 0.00
0.32 52.59 0.00
0.33 60.20 0.00
0.34 66.98 0.00
0.35 76.96 0.00
0.36 85.97 0.00
0.37 101.27 0.00
0.38 114.77 0.00
0.39 132.30 0.00
0.40 162.55 0.00
0.41 194.72 0.00
0.42 230.81 0.00
0.43 294.19 0.00
0.44 356.40 0.00
0.45 478.30 0.00
0.46 633.10 0.00
0.47 824.68 0.00
0.48 1175.66 0.00
0.49 1643.69 0.00
0.50 2349.30 0.00
0.51 3053.09 0.00
0.52 3706.20 0.01
0.53 4285.45 0.01
0.54 4668.01 0.01
0.55 4962.56 0.01
0.56 5224.74 0.01
0.57 5399.78 0.01
0.58 5567.41 0.01
0.59 5711.99 0.02
0.60 5852.77 0.02
0.61 5986.44 0.02
0.62 6099.85 0.02
0.63 6216.28 0.03
0.64 6340.10 0.03
0.65 6444.61 0.04
0.66 6559.17 0.05
0.67 6664.81 0.06
0.68 6765.64 0.06
0.69 6880.65 0.08
0.70 6983.64 0.09
0.71 7081.64 0.10
0.72 7183.50 0.13
0.73 7293.57 0.14
0.74 7388.88 0.18
0.75 7497.16 0.21
0.76 7590.48 0.27
0.77 7696.29 0.29
0.78 7798.85 0.37
0.79 7895.59 0.44
0.80 8000.24 0.47
0.81 8099.34 0.54
0.82 8196.66 0.59
0.83 8299.50 0.64
0.84 8402.61 0.70
0.85 8497.42 0.76
0.86 8601.48 0.78
0.87 8702.38 0.86
0.88 8799.31 0.88
0.89 8900.41 0.91
0.90 9000.81 0.94
0.91 9101.84 0.95
0.92 9198.58 0.96
0.93 9303.11 0.95
0.94 9399.82 0.98
0.95 9501.45 0.98
0.96 9600.38 0.99
0.97 9701.94 0.99
0.98 9800.37 1.00
