0.01 2.09 0.00
0.02 2.69 0.00
0.03 3.23 0.00
0.04 3.67 0.00
0.05 4.22 0.00
0.06 4.63 0.00
0.07 5.11 0.00
0.08 5.55 0.00
0.09 6.13 0.00
0.10 6.58 0.00
0.01 2.08 0.00
0.02 2.72 0.00
0.03 3.23 0.00
0.04 3.66 0.00
0.05 4.22 0.00
0.06 4.58 0.00
0.07 5.04 0.00
0.08 5.68 0.00
0.09 6.16 0.00
0.10 6.63 0.00
0.11 7.26 0.00
0.12 7.82 0.00
0.13 8.34 0.00
0.14 8.90 0.00
0.15 9.66 0.00
0.16 10.49 0.00
0.17 10.96 0.00
0.18 11.87 0.00
0.19 12.91 0.00
0.20 13.49 0.00
0.21 14.71 0.00
0.22 15.65 0.00
0.23 17.05 0.00
0.24 18.30 0.00
0.25 19.49 0.00
0.26 21.20 0.00
0.27 22.36 0.00
0.28 24.36 0.00
0.29 25.80 0.00
0.30 28.52 0.00
0.31 30.02 0.00
0.32 33.52 0.00
0.33 35.47 0.00
0.34 39.01 0.00
0.35 42.44 0.00
0.36 46.59 0.00
0.37 51.40 0.00
0.38 56.55 0.00
0.39 63.31 0.00
0.40 68.95 0.00
0.41 78.75 0.00
0.42 85.19 0.00
0.43 95.16 0.00
0.44 110.80 0.00
0.45 127.39 0.00
0.46 144.75 0.00
0.47 171.44 0.00
0.48 200.56 0.00
0.49 230.37 0.00
0.50 284.67 0.00
0.51 355.80 0.00
0.52 424.90 0.00
0.53 534.24 0.00
0.54 749.56 0.00
0.55 1020.21 0.00
0.56 1389.12 0.00
0.57 2149.61 0.00
0.58 3174.13 0.00
0.59 5444.78 0.00
0.60 7908.52 0.00
0.61 9962.19 0.00
0.62 11376.81 0.00
0.63 12432.95 0.00
0.64 13103.67 0.00
0.65 13620.99 0.00
0.66 14058.02 0.00
0.67 14444.03 0.00
0.68 14787.01 0.00
0.69 15114.44 0.00
0.70 15409.16 0.01
0.71 15694.84 0.01
0.72 15973.61 0.01
0.73 16232.74 0.01
0.74 16492.63 0.01
0.75 16745.19 0.01
0.76 16998.47 0.01
0.77 17235.57 0.02
0.78 17481.88 0.02
0.79 17723.06 0.02
0.80 17943.23 0.03
0.81 18183.07 0.03
0.82 18425.34 0.04
0.83 18651.47 0.05
0.84 18882.07 0.06
0.85 19106.81 0.08
0.86 19334.22 0.11
0.87 19572.49 0.15
0.88 19787.15 0.18
0.89 20020.47 0.25
0.90 20240.68 0.33
0.91 20468.69 0.46
0.92 20698.24 0.56
0.93 20925.67 0.71
0.94 21150.81 0.82
0.95 21376.10 0.92
0.96 21600.44 0.94
0.97 21823.33 0.98
0.98 22047.67 0.99
0.10 4.50 0.00
0.11 4.80 0.00
0.12 5.30 0.00
0.13 5.80 0.00
0.14 5.80 0.00
0.15 6.10 0.00
0.16 6.60 0.00
0.17 6.90 0.00
0.18 7.80 0.00
0.19 9.30 0.00
0.10 4.40 0.00
0.11 4.90 0.00
0.12 5.50 0.00
0.13 5.90 0.00
0.14 6.40 0.00
0.15 6.70 0.00
0.16 6.80 0.00
0.17 7.20 0.00
0.18 7.70 0.00
0.19 8.60 0.00
0.10 4.70 0.00
0.11 5.10 0.00
0.12 5.20 0.00
0.13 6.00 0.00
0.14 6.40 0.00
0.15 7.90 0.00
0.16 8.70 0.00
0.17 9.00 0.00
0.18 9.00 0.00
0.19 9.50 0.00
0.10 5.10 0.00
0.11 5.60 0.00
0.12 5.80 0.00
0.13 5.90 0.00
0.14 6.40 0.00
0.15 6.70 0.00
0.16 6.80 0.00
0.17 7.10 0.00
0.18 8.10 0.00
0.19 8.60 0.00
0.10 4.30 0.00
0.11 4.80 0.00
0.12 5.20 0.00
0.13 5.70 0.00
0.14 6.20 0.00
0.15 6.50 0.00
0.16 6.60 0.00
0.17 7.00 0.00
0.18 7.80 0.00
0.19 8.70 0.00
0.10 4.40 0.00
0.11 5.30 0.00
0.12 5.60 0.00
0.13 6.30 0.00
0.14 6.50 0.00
0.15 6.60 0.00
0.16 7.60 0.00
0.17 8.00 0.00
0.18 9.50 0.00
0.19 9.50 0.00
0.10 4.50 0.00
0.11 4.60 0.00
0.12 5.40 0.00
0.13 5.90 0.00
0.14 6.40 0.00
0.15 6.80 0.00
0.16 6.90 0.00
0.17 7.90 0.00
0.18 8.50 0.00
0.19 8.90 0.00
0.10 5.00 0.00
0.10 5.00 0.00
0.11 5.40 0.00
0.12 5.50 0.00
0.13 6.10 0.00
0.14 6.60 0.00
0.15 6.90 0.00
0.16 7.10 0.00
0.17 7.50 0.00
0.18 8.40 0.00
0.19 8.80 0.00
0.10 4.70 0.00
0.11 5.60 0.00
0.12 6.00 0.00
0.13 6.30 0.00
0.14 6.60 0.00
0.15 6.80 0.00
0.16 7.20 0.00
0.17 7.90 0.00
0.18 8.40 0.00
0.19 9.60 0.00
0.10 4.60 0.00
0.11 5.00 0.00
0.12 6.00 0.00
0.13 6.70 0.00
0.14 7.40 0.00
0.15 7.50 0.00
0.16 7.10 0.00
0.17 8.10 0.00
0.18 8.50 0.00
0.19 8.80 0.00
0.10 5.10 0.00
0.11 4.90 0.00
0.12 5.40 0.00
0.13 5.80 0.00
0.14 5.70 0.00
0.15 6.60 0.00
0.16 6.70 0.00
0.17 7.30 0.00
0.18 8.20 0.00
0.19 8.60 0.00
0.20 9.20 0.00
0.20 12.20 0.00
0.20 12.20 0.00
0.20 9.10 0.00
0.20 6.10 0.00
0.20 8.00 0.00
0.60 272.60 0.02
0.60 332.40 0.02
0.60 308.30 0.03
0.60 276.60 0.02
0.60 382.50 0.02
0.45 70.30 0.00
0.55 208.95 0.00
0.90 1096.75 0.91
0.75 911.05 0.15
0.65 680.45 0.04
0.65 675.30 0.04
0.65 56.00 0.34
0.20 7.45 0.00
