0.01 1.39 0.00
0.02 1.96 0.00
0.03 2.31 0.00
0.04 2.62 0.00
0.05 3.03 0.00
0.06 3.27 0.00
0.07 3.62 0.00
0.08 4.00 0.00
0.09 4.38 0.00
0.10 4.79 0.00
0.11 5.13 0.00
0.12 5.45 0.00
0.13 5.83 0.00
0.14 6.37 0.00
0.15 6.87 0.00
0.16 7.32 0.00
0.17 7.92 0.00
0.18 8.32 0.00
0.19 8.93 0.00
0.20 9.52 0.00
0.21 10.26 0.00
0.22 11.04 0.00
0.23 11.91 0.00
0.24 12.92 0.00
0.25 13.71 0.00
0.26 14.40 0.00
0.27 15.52 0.00
0.28 15.97 0.00
0.29 17.17 0.00
0.30 18.60 0.00
0.31 20.00 0.00
0.32 21.92 0.00
0.33 23.79 0.00
0.34 25.91 0.00
0.35 28.13 0.00
0.36 29.39 0.00
0.37 32.02 0.00
0.38 35.28 0.00
0.39 38.94 0.00
0.40 42.66 0.00
0.41 48.08 0.00
0.42 52.95 0.00
0.43 58.94 0.00
0.44 60.65 0.00
0.45 71.17 0.00
0.46 78.91 0.00
0.47 88.08 0.00
0.48 100.17 0.00
0.49 116.03 0.00
0.50 133.69 0.00
0.51 157.82 0.00
0.52 181.69 0.00
0.53 212.17 0.00
0.54 256.39 0.00
0.55 299.64 0.00
0.56 406.35 0.00
0.57 498.02 0.00
0.58 595.94 0.01
0.59 740.78 0.01
0.60 836.93 0.01
0.61 977.61 0.01
0.62 1121.86 0.02
0.63 1239.17 0.02
0.64 1348.44 0.02
0.65 1430.12 0.02
0.66 1503.82 0.03
0.67 1556.63 0.03
0.68 1606.09 0.03
0.69 1646.99 0.04
0.70 1685.80 0.04
0.71 1725.92 0.05
0.72 1763.09 0.05
0.73 1794.46 0.06
0.74 1823.95 0.07
0.75 1853.15 0.09
0.76 1883.09 0.10
0.77 1911.61 0.12
0.78 1938.84 0.14
0.79 1967.78 0.18
0.80 1993.99 0.21
0.81 2020.68 0.25
0.82 2044.17 0.29
0.83 2070.57 0.34
0.84 2096.23 0.40
0.85 2121.99 0.47
0.86 2149.35 0.52
0.87 2172.51 0.58
0.88 2197.96 0.65
0.89 2224.15 0.72
0.90 2249.33 0.77
0.91 2273.74 0.84
0.92 2298.03 0.89
0.93 2323.26 0.92
0.94 2347.88 0.95
0.95 2374.93 0.96
0.96 2399.51 0.97
0.97 2424.22 0.98
0.98 2450.36 1.00