0.01 1.92 0.00
0.02 2.32 0.00
0.03 2.87 0.00
0.04 3.29 0.00
0.05 3.70 0.00
0.06 4.12 0.00
0.07 4.65 0.00
0.08 4.99 0.00
0.09 5.46 0.00
0.10 5.91 0.00
0.11 6.29 0.00
0.12 6.92 0.00
0.13 7.50 0.00
0.14 7.87 0.00
0.15 8.80 0.00
0.16 9.07 0.00
0.17 9.76 0.00
0.18 10.66 0.00
0.19 11.39 0.00
0.20 12.24 0.00
0.21 12.75 0.00
0.22 14.00 0.00
0.23 15.01 0.00
0.24 16.09 0.00
0.25 17.29 0.00
0.26 18.06 0.00
0.27 20.21 0.00
0.28 21.02 0.00
0.29 23.14 0.00
0.30 24.51 0.00
0.31 26.75 0.00
0.32 28.21 0.00
0.33 31.72 0.00
0.34 34.13 0.00
0.35 36.63 0.00
0.36 42.42 0.00
0.37 44.58 0.00
0.38 49.37 0.00
0.39 54.00 0.00
0.40 58.16 0.00
0.41 66.36 0.00
0.42 73.40 0.00
0.43 82.13 0.00
0.44 94.16 0.00
0.45 106.84 0.00
0.46 123.62 0.00
0.47 136.29 0.00
0.48 162.39 0.00
0.49 189.50 0.00
0.50 233.01 0.00
0.51 272.39 0.00
0.52 337.86 0.00
0.53 410.22 0.00
0.54 573.53 0.00
0.55 671.64 0.00
0.56 905.23 0.00
0.57 1336.66 0.00
0.58 1798.66 0.00
0.59 2503.90 0.00
0.60 3363.11 0.00
0.61 4152.66 0.00
0.62 4856.26 0.00
0.63 5312.20 0.00
0.64 5731.17 0.01
0.65 5973.06 0.01
0.66 6198.11 0.01
0.67 6371.19 0.01
0.68 6548.51 0.01
0.69 6698.51 0.01
0.70 6831.56 0.01
0.71 6962.82 0.01
0.72 7081.10 0.02
0.73 7209.85 0.02
0.74 7328.96 0.02
0.75 7439.30 0.02
0.76 7552.21 0.03
0.77 7658.63 0.03
0.78 7765.40 0.04
0.79 7866.68 0.05
0.80 7975.27 0.06
0.81 8085.48 0.07
0.82 8183.36 0.09
0.83 8286.67 0.10
0.84 8390.25 0.14
0.85 8491.75 0.17
0.86 8596.88 0.21
0.87 8698.28 0.27
0.88 8799.05 0.36
0.89 8900.57 0.44
0.90 8997.33 0.54
0.91 9100.07 0.67
0.92 9198.09 0.77
0.93 9300.64 0.83
0.94 9399.31 0.92
0.95 9501.41 0.96
0.96 9599.22 0.97
0.97 9700.24 0.99
0.98 9803.06 0.99