0.01 1.86 0.00
0.02 2.24 0.00
0.03 2.53 0.00
0.04 2.96 0.00
0.05 3.33 0.00
0.06 3.52 0.00
0.07 3.94 0.00
0.08 4.33 0.00
0.09 4.64 0.00
0.10 4.91 0.00
0.11 5.29 0.00
0.12 5.72 0.00
0.13 5.87 0.00
0.14 6.23 0.00
0.15 6.82 0.00
0.16 7.26 0.00
0.17 7.59 0.00
0.18 8.12 0.00
0.19 8.60 0.00
0.20 8.99 0.00
0.21 9.70 0.00
0.22 9.96 0.00
0.23 10.86 0.00
0.24 11.21 0.00
0.25 12.16 0.00
0.26 12.35 0.00
0.27 13.56 0.00
0.28 13.96 0.00
0.29 15.24 0.00
0.30 16.00 0.00
0.31 16.93 0.00
0.32 18.09 0.00
0.33 18.97 0.00
0.34 19.58 0.00
0.35 21.61 0.00
0.36 22.42 0.00
0.37 24.07 0.00
0.38 25.25 0.00
0.39 27.95 0.00
0.40 29.47 0.00
0.41 32.05 0.00
0.42 33.35 0.00
0.43 36.45 0.00
0.44 40.15 0.00
0.45 41.47 0.00
0.46 45.20 0.00
0.47 50.24 0.00
0.48 53.37 0.00
0.49 57.85 0.00
0.50 65.81 0.00
0.51 69.89 0.00
0.52 79.63 0.00
0.53 88.89 0.00
0.54 99.58 0.00
0.55 111.45 0.00
0.56 126.88 0.00
0.57 141.87 0.00
0.58 163.79 0.00
0.59 199.34 0.00
0.60 221.98 0.00
0.61 266.81 0.00
0.62 330.32 0.00
0.63 394.88 0.00
0.64 498.42 0.00
0.65 670.14 0.00
0.66 869.18 0.00
0.67 1203.67 0.00
0.68 1661.26 0.00
0.69 2526.17 0.00
0.70 3286.88 0.00
0.71 4352.07 0.00
0.72 5177.88 0.00
0.73 6024.73 0.00
0.74 6480.64 0.00
0.75 6836.86 0.00
0.76 7058.91 0.01
0.77 7276.74 0.01
0.78 7482.13 0.01
0.79 7632.11 0.01
0.80 7789.42 0.01
0.81 7936.96 0.01
0.82 8055.23 0.01
0.83 8187.74 0.02
0.84 8317.49 0.02
0.85 8432.07 0.02
0.86 8546.69 0.03
0.87 8654.25 0.03
0.88 8768.94 0.04
0.89 8871.27 0.05
0.90 8981.41 0.07
0.91 9087.38 0.09
0.92 9192.62 0.12
0.93 9290.63 0.17
0.94 9393.83 0.24
0.95 9499.33 0.38
0.96 9600.60 0.55
0.97 9698.63 0.70
0.98 9799.23 0.87
