0.01 2.06 0.00
0.02 2.40 0.00
0.03 2.89 0.00
0.04 3.31 0.00
0.05 3.68 0.00
0.06 4.13 0.00
0.07 4.45 0.00
0.08 4.82 0.00
0.09 5.22 0.00
0.10 5.58 0.00
0.11 5.93 0.00
0.12 6.32 0.00
0.13 6.86 0.00
0.14 7.32 0.00
0.15 7.62 0.00
0.16 8.28 0.00
0.17 8.79 0.00
0.18 9.20 0.00
0.19 9.78 0.00
0.20 10.12 0.00
0.21 10.68 0.00
0.22 11.38 0.00
0.23 12.11 0.00
0.24 12.88 0.00
0.25 13.47 0.00
0.26 14.20 0.00
0.27 15.05 0.00
0.28 16.39 0.00
0.29 16.81 0.00
0.30 17.93 0.00
0.31 18.62 0.00
0.32 20.02 0.00
0.33 21.41 0.00
0.34 22.81 0.00
0.35 24.03 0.00
0.36 25.93 0.00
0.37 27.75 0.00
0.38 29.66 0.00
0.39 31.70 0.00
0.40 33.89 0.00
0.41 35.78 0.00
0.42 38.73 0.00
0.43 42.72 0.00
0.44 45.31 0.00
0.45 48.77 0.00
0.46 52.39 0.00
0.47 56.17 0.00
0.48 64.58 0.00
0.49 68.95 0.00
0.50 77.59 0.00
0.51 84.71 0.00
0.52 94.63 0.00
0.53 105.81 0.00
0.54 119.08 0.00
0.55 134.03 0.00
0.56 150.33 0.00
0.57 176.10 0.00
0.58 202.56 0.00
0.59 234.29 0.00
0.60 277.15 0.00
0.61 348.95 0.00
0.62 398.56 0.00
0.63 535.63 0.00
0.64 657.22 0.00
0.65 890.95 0.00
0.66 1270.13 0.00
0.67 1852.27 0.00
0.68 2999.31 0.00
0.69 4769.18 0.00
0.70 7306.81 0.00
0.71 10022.60 0.00
0.72 12335.86 0.00
0.73 14019.63 0.00
0.74 14980.03 0.00
0.75 15548.07 0.00
0.76 16073.51 0.00
0.77 16524.72 0.00
0.78 16907.43 0.00
0.79 17251.71 0.00
0.80 17577.93 0.00
0.81 17883.41 0.01
0.82 18161.49 0.01
0.83 18454.01 0.01
0.84 18720.28 0.01
0.85 18984.00 0.01
0.86 19232.53 0.01
0.87 19491.67 0.02
0.88 19727.24 0.02
0.89 19981.44 0.03
0.90 20213.14 0.03
0.91 20446.67 0.05
0.92 20682.79 0.06
0.93 20913.88 0.09
0.94 21142.14 0.14
0.95 21370.44 0.22
0.96 21598.26 0.35
0.97 21824.58 0.59
0.98 22049.49 0.80
