0.01 1.28 0.00
0.02 1.84 0.00
0.03 2.17 0.00
0.04 2.40 0.00
0.05 2.65 0.00
0.06 2.92 0.00
0.07 3.18 0.00
0.08 3.49 0.00
0.09 3.76 0.00
0.10 3.99 0.00
0.11 4.25 0.00
0.12 4.48 0.00
0.13 4.75 0.00
0.14 5.11 0.00
0.15 5.42 0.00
0.16 5.80 0.00
0.17 6.38 0.00
0.18 6.39 0.00
0.19 6.84 0.00
0.20 7.22 0.00
0.21 7.63 0.00
0.22 8.12 0.00
0.23 8.63 0.00
0.24 9.01 0.00
0.25 9.69 0.00
0.26 9.98 0.00
0.27 10.74 0.00
0.28 11.14 0.00
0.29 12.01 0.00
0.30 12.73 0.00
0.31 12.86 0.00
0.32 14.04 0.00
0.33 14.73 0.00
0.34 15.36 0.00
0.35 17.00 0.00
0.36 17.70 0.00
0.37 18.43 0.00
0.38 21.16 0.00
0.39 20.98 0.00
0.40 21.99 0.00
0.41 23.18 0.00
0.42 25.59 0.00
0.43 28.32 0.00
0.44 28.97 0.00
0.45 31.25 0.00
0.46 33.88 0.00
0.47 36.25 0.00
0.48 39.20 0.00
0.49 42.25 0.00
0.50 45.23 0.00
0.51 53.42 0.00
0.52 56.29 0.00
0.53 60.78 0.00
0.54 71.11 0.00
0.55 73.58 0.00
0.56 87.84 0.00
0.57 93.78 0.00
0.58 101.73 0.00
0.59 125.64 0.00
0.60 135.00 0.00
0.61 171.38 0.00
0.62 189.23 0.00
0.63 227.10 0.00
0.64 266.59 0.00
0.65 325.06 0.00
0.66 372.05 0.00
0.67 484.94 0.00
0.68 583.51 0.00
0.69 692.30 0.01
0.70 834.71 0.01
0.71 1023.68 0.01
0.72 1174.82 0.01
0.73 1361.83 0.01
0.74 1451.43 0.01
0.75 1592.64 0.02
0.76 1681.63 0.02
0.77 1770.02 0.02
0.78 1835.98 0.02
0.79 1880.35 0.03
0.80 1932.16 0.03
0.81 1970.43 0.04
0.82 2001.39 0.04
0.83 2041.90 0.05
0.84 2068.72 0.06
0.85 2102.49 0.07
0.86 2130.24 0.08
0.87 2158.68 0.11
0.88 2188.89 0.13
0.89 2213.74 0.16
0.90 2241.97 0.20
0.91 2270.28 0.27
0.92 2294.84 0.34
0.93 2322.55 0.43
0.94 2347.65 0.54
0.95 2373.57 0.64
0.96 2400.18 0.75
0.97 2423.41 0.82
0.98 2450.05 0.93
0.20 7.00 0.00
