000000000000000000000000000000000000000001001100000000000000000000000000000000000000000000
000000000000000000000000000000000000000001000110000000000000000000000000000000000000000000
000000000000000000000000000000000000000011110110000000000000000000000000000000000000000000
000000000000000000000000000000000000000001011100000000000000000000000000000000000000000000
000000000000000000000000000000000000000000110100000000000000000000000000000000000000000000
000000000000000000000000000000000000000000110010000000000000000000000000000000000000000000
000000000000000000000000000000000000000000011110000000000000000000000000000000000000000000
000000000000000000000000000000000000000010010000000000000000000000000000000000000000000000
000000000000000000000000000000000000000010010100000000000000000000000000000000000000000000
000000000000000000000000000000000000110010011100000000000000000000000000000000000000000000
000000000000000000000000000000000011111111110100000000000000000000000000000000000000000000
000000000000000000000000000000000000111100110001100000000000000000000000000000000000000000
000000000000000000000000000000000000100100010101100000000000000000000000000000000000000000
000000000000000000000000000000000000000000011111100000000000000000000000000000000000000000
000000000000000000000000000000000000000100010010000000000000000000000000000000000000000000
000000000000000000000000000000000000000100111000000000000000000000000000000000000000000000
000000000000000000000000000000000000010101101100000000000000000000000000000000000000000000
000000000000000000000000000000000000011110110000000000000000000000000000000000000000000000
000000000000000000000000000000000000000111100000000000000000000000000000000000000000000000
000000000000000000000000000000000000011101100000000000000000000000000000000000000000000000
000000000000000000000000000000000000000001111000000000000000000000000000000000000000000000
000000000000000000000000000000000000000100100000000000000000000000000000000000000000000000
000000000000000000000000000000000000001111111000000000000000000000000000000000000000000000
000000000000000000000000000000000000000001100000000000000000000000000000000000000000000000
000000000000000000000000000000000000000001101101000000000000000000000000000000000000000000
000000000000000000000000000000000000000000111111110000000000000000000000000000000000000000
000000000000000000000000000000000000000010110000000000000000000000000000000000000000000000
000000000000000000000000000000100000000011100000000001000000000000000000000000000000000000
000000000000000000000000000000100001000010100000001111000000000000000000000000000000000000
000000000000000000000000000000100001001001111100001011000000000000000000000000000000000000
000000000000000000000000001000100001111010011010001110000000000000000000000000000000000000
000000000000000000000000101100100000001110010011111100000000000000000000000000000000000000
000000000000000000000000100110110000000010010110010000000000000000000000000000000000000000
000000000000000000000011111111111100000011011111000000000000000000000000000000000010000000
000000000000000000000001001000001000000001111000001000000000000000000000000000011110000000
000000000000000000000000000000111101001111100000011110000000000000000000000000000111000000
000000000000000000000000010010000111000001011000010000000000000000000000000000000100000000
000000000000000000000001111110000111000011011000110000000000000000000000000000000100000000
000000000000000000000000011100000001100001111001111100000000000000000001000000000100000000
000000000000000000000000011110000001110001110101010000000000000000000001110000000100000000
000000101000000000000000000010000001110000011111100000000000000000000011100000001100000000
000000111000000000000000001110000100010000011000100000000000000100000011110000001111000000
000000001100000000010000111100000111111100010000000000000000000111110010000000000100000000
000000111100000000011000011100000001011100111100000000000000000011100010000000001100000000
000000000101000001110001110110000000011100100000000000010110001001110011000100001000000000
000000000111000000011101111010000000000111111110000000010100001111100010010100001000100000
000000000110000000011000111110000001010110011000000000111110000110110011010100001100110000
000000000011000000001000100110001011111100000000000000001010001111111011110101101111110000
000001000111000000011000100011001100001000000000000000001010000011101111111111111000000000
000001101111000000111110101110000100001100000000000000001110011011111111101100110000000110
000111111111111100011011111110110110101000000000000000000100111110000101111110011111111111
000000011101100111111011010011111111111000010000000001000110011111000001001000000100100000
000000110100100000001000000000110101001111110000000011110111110110010000001000000000000000
000000100000100000000000000000000101001111010001100001011110010111111000000000000000000000
000000000000000000000000000000000100001011110001100001010000000000011100000000000000000000
000000000000000000000000000000000000000001110001000011010000000100000000000000000000000000
000000000000000000001011110000000000000001110001110001110110001100000000000000000000000000
000000000000000110011010110000000000000000110011101011111111111000000000000000000000000000
000000000000000010001001011000000000000001110011111111011000011111110000000000000000000000
000000000000000111111111111001011000000000100111011001101100010010111000000000000000000000
000000000000000101010001101111111111100000101111000000000100010111000000000000000000000000
000000000000000001000000011001110000100011111100000000000000000010000000000000000000000000
000100000000000000001000111011100001111110001100000000000000000000000000000000000000000000
000100000000000111001000101010110001001110001100000000000000000000000000000000000000000000
000100000000001111101110100011100000011000001101000000000000000000000000000000000000000000
000100000000000001111011100111000000001000001101000100000000000000000000000000000000000000
010100000000100111101001000010000000000000011111110100000100100000000000000000000000000000
011110110000110010100001000010000000000000011100111111000111100000000000000000000000000000
111011111111111111000001000010000000000001111001010001000010000000000000000000000000000000
010000100000100010000000000000000000001111001111001011111111000000000000000000000000000000
000000100000000110000000000000000000000010001110011110100011010000000000000000000000000000
000000000000000110000000000000000000000000000110011010000001111000000000000000000000000000
000000000000001100000000000000000000100000000111110000111100000010000000000000000000000000
000000000000101000000000000000000000100000001100011100100111000010000000000000000000000000
000000000011111000000000000010010001111111111111000111110011101011111000000000000000000000
000000000000001000000000000011111111110110001111000110011000111111111000000000000001000000
000000011111111000000000000001010001010010001100000100000000000000100000000000110001000000
000000010001001000010000000001110000000010111000000000000000000000000000000000100011000000
000000000011000001110101111111100000000000111111110000000000000000000000101100110111110000
000000000011000000111111101010110000000111111010111000000000000000000001111110011100000000
000000000000000000100001000010100000000101100010000000000000001000000010011000110000000000
000000000000000000000001001110000000000011100011100010000000001100000010010000100000000000
000000000000000000110111000010000000111001000001111111100000001000000111111011111100000000
000000000000000000111110000011000000001111000000100000100010101011011110101110011111000000
000000000000000011111010000010000000000101000000100001111111111111111010101111010011111100
000000000000000010010000000000000000000001000000000000001100000000001000101001000011000000
000000000000000000011100000000000000010011110000000000001111100000000000001101000111000000
000000000000000111110000000000000000111001010000000000000100111001001000000000000010000000
000000000011111100110000000000000000001111100000000000000100011111111111000000000010000000
000000000000000111110000000000000000001000110000000000000111010110011001000000000000000000
000000000000000010000000000000000100001000011000000000000000000000111001100000000000000000
000000000000000010000000000000111101111000111100000000000000000000010001100000000000000000
000000000000000010000000000011101110101000001000000000000000000000010000000000000000000000
000000000000011111100000000000100111101000001100000000000000000000000000000000000000000000
000000000000000000100000000000000001001000001110110000000000000000000000000000000000000000
000000000000000000000000000000001111001000001011101000000000000000000000000000000000000000
000000000000000000000000000000000110000000001010111100000100000000000000000000000000000000
000000000000000000000000000000001110000000111000010101100100000000000000000000000000000000
000000000000000000000000000000000000000000111000000111111111000000000000000000000000000000
000000000000000000000000000000000000011110001000000101110110100000000000000000000000000000
000000000000000000000000000000000000001010001100000100100011101100100001100000000000000000
000000000000000000000000000000000001010011111100000100110001111111111111000000000000000000
000000000000000000000000000000000001111110010100000001110000010011000010000000000000000000
000000000000000000000000000000000000000111010110000001111100011011111000000000000000000000
000000000000000000000000000000000000000111001110000001111111001000101110100000000000000000
000000000000000000000000000000000000000011100110000001010101101100101111110000000000000000
000000000000000000000000000000000000110010000111000001000111111000000111100000000000000000
000000000000000000000000000000001100011111000010000001000100111001000000000000000000000000
000000000000000000000000000001111111111111000010000000000100101111100000000000000000000000
000000000000000000000000000000001100101110000011000000000000001000000000000000000000000000
000000000000000000000000000001111001100000001110000000000000000000000000000000000000000000
000000000000000000000000000000011101100000000011111000000000000000000000000000000000000000
000000000000000000000000000001110001100000000011101100000000000000000000000000000000000000
000000000000000000000000000000100000000000000011001111000000000000000000000000000000000000
000000000000000000000000000000100000000000111110000111000000000000000000000000000000000000
000000000000000000000000000000000000000000011011100000000000000000000000000000000000000000
000000000000000000000000000000000000000000010010100000000000000000000000000000000000000000
000000000000000000000000000000000011111111110011110000000000000000000000000000000000000000
000000000000000000000000000000000000101000100000010000000000000000000000000000000000000000
000000000000000000000000000000000000100011111111110000000000000000000000000000000000000000
000000000000000000000000000000000000000001100000110000000000000000000000000000000000000000
000000000000000000000000000000000000000001111110011100000000000000000000000000000000000000
000000000000000000000000000000000000000100110100011000000000000000000000000000000000000000
000000000000000000000000000000000000000111100000000000000000000000000000000000000000000000
000000000000000000000000000000000000000001111100000000000000000000000000000000000000000000
000000000000000000000000000000000000000000110000000000000000000000000000000000000000000000
000000000000000000000000000000000000000000100000000000000000000000000000000000000000000000
000000000000000000000000000000000000000000111110000000000000000000000000000000000000000000
000000000000000000000000000000000000000001101010000000000000000000000000000000000000000000
000000000000000000000000000000000000000001001000000000000000000000000000000000000000000000
000000000000000000000000000000000000000000001000000000000000000000000000000000000000000000